,,,,,,,,,,,,,,,,,,,,,,,,,,,,,,,,,,,,,,,,,,,,,,,,,,,,,,,,,,,,
,,,,,,,,,,,,,,,,,,,,,,,,,,,,,,,,,,,,,,,,,,,,,,,,,,,,,,,,,,,,
"60 days ago - ₹5,598","59 days ago - ₹5,598","58 days ago - ₹5,598","57 days ago - ₹5,598","56 days ago - ₹5,598","55 days ago - ₹5,598","54 days ago - ₹5,598","53 days ago - ₹5,598","52 days ago - ₹5,598","51 days ago - ₹5,598","50 days ago - ₹5,598","49 days ago - ₹5,598","48 days ago - ₹5,598","47 days ago - ₹5,598","46 days ago - ₹5,598","45 days ago - ₹5,598","44 days ago - ₹5,598","43 days ago - ₹5,598","42 days ago - ₹5,598","41 days ago - ₹5,598","40 days ago - ₹5,598","39 days ago - ₹5,598","38 days ago - ₹5,598","37 days ago - ₹5,598","36 days ago - ₹5,598","35 days ago - ₹5,598","34 days ago - ₹5,598","33 days ago - ₹5,598","32 days ago - ₹5,598","31 days ago - ₹5,598","30 days ago - ₹5,598","29 days ago - ₹5,314","28 days ago - ₹5,314","27 days ago - ₹5,314","26 days ago - ₹5,314","25 days ago - ₹5,773","24 days ago - ₹5,773","23 days ago - ₹5,773","22 days ago - ₹5,773","21 days ago - ₹5,773","20 days ago - ₹5,773","19 days ago - ₹5,773","18 days ago - ₹5,948","17 days ago - ₹5,948","16 days ago - ₹4,208","15 days ago - ₹4,208","14 days ago - ₹4,208","13 days ago - ₹5,948","12 days ago - ₹6,298","11 days ago - ₹6,298","10 days ago - ₹6,298","9 days ago - ₹6,298","8 days ago - ₹6,298","7 days ago - ₹7,171","6 days ago - ₹7,171","5 days ago - ₹7,695","4 days ago - ₹7,695","3 days ago - ₹7,695","2 days ago - ₹7,695","1 day ago - ₹8,394","Today - ₹8,394"
,,,,,,,,,,,,,,,,,,,,,,,,,,,,,,,,,,,,,,,,,,,,,,,,,,,,,,,,,,,,
"60 days ago - ₹5,598","59 days ago - ₹5,598","58 days ago - ₹5,598","57 days ago - ₹5,598","56 days ago - ₹5,598","55 days ago - ₹5,598","54 days ago - ₹5,598","53 days ago - ₹5,598","52 days ago - ₹5,598","51 days ago - ₹5,598","50 days ago - ₹5,598","49 days ago - ₹5,598","48 days ago - ₹5,598","47 days ago - ₹5,598","46 days ago - ₹5,598","45 days ago - ₹5,598","44 days ago - ₹5,598","43 days ago - ₹5,598","42 days ago - ₹5,598","41 days ago - ₹5,598","40 days ago - ₹5,598","39 days ago - ₹5,598","38 days ago - ₹5,598","37 days ago - ₹5,598","36 days ago - ₹5,598","35 days ago - ₹5,598","34 days ago - ₹5,598","33 days ago - ₹5,598","32 days ago - ₹5,598","31 days ago - ₹5,598","30 days ago - ₹5,598","29 days ago - ₹5,598","28 days ago - ₹5,598","27 days ago - ₹5,598","26 days ago - ₹5,773","25 days ago - ₹5,773","24 days ago - ₹5,773","23 days ago - ₹5,773","22 days ago - ₹5,773","21 days ago - ₹5,773","20 days ago - ₹5,773","19 days ago - ₹5,773","18 days ago - ₹5,773","17 days ago - ₹5,948","16 days ago - ₹4,208","15 days ago - ₹6,298","14 days ago - ₹6,298","13 days ago - ₹7,171","12 days ago - ₹7,171","11 days ago - ₹7,171","10 days ago - ₹7,171","9 days ago - ₹7,171","8 days ago - ₹7,695","7 days ago - ₹7,695","6 days ago - ₹7,695","5 days ago - ₹7,695","4 days ago - ₹7,695","3 days ago - ₹8,394","2 days ago - ₹8,394","1 day ago - ₹9,094","Today - ₹9,967"
,,,,,,,,,,,,,,,,,,,,,,,,,,,,,,,,,,,,,,,,,,,,,,,,,,,,,,,,,,,,
,,,,,,,,,,,,,,,,,,,,,,,,,,,,,,,,,,,,,,,,,,,,,,,,,,,,,,,,,,,,
"60 days ago - ₹5,598","59 days ago - ₹5,598","58 days ago - ₹5,598","57 days ago - ₹5,598","56 days ago - ₹5,598","55 days ago - ₹5,598","54 days ago - ₹5,598","53 days ago - ₹5,598","52 days ago - ₹5,598","51 days ago - ₹5,598","50 days ago - ₹5,598","49 days ago - ₹5,598","48 days ago - ₹5,598","47 days ago - ₹5,598","46 days ago - ₹5,598","45 days ago - ₹5,598","44 days ago - ₹5,598","43 days ago - ₹5,598","42 days ago - ₹5,598","41 days ago - ₹5,598","40 days ago - ₹5,598","39 days ago - ₹5,598","38 days ago - ₹5,598","37 days ago - ₹5,598","36 days ago - ₹5,598","35 days ago - ₹5,598","34 days ago - ₹5,598","33 days ago - ₹5,598","32 days ago - ₹5,598","31 days ago - ₹5,598","30 days ago - ₹5,598","29 days ago - ₹5,314","28 days ago - ₹5,314","27 days ago - ₹5,314","26 days ago - ₹5,314","25 days ago - ₹5,314","24 days ago - ₹5,598","23 days ago - ₹5,598","22 days ago - ₹5,773","21 days ago - ₹5,773","20 days ago - ₹5,773","19 days ago - ₹5,773","18 days ago - ₹5,773","17 days ago - ₹5,773","16 days ago - ₹4,208","15 days ago - ₹4,208","14 days ago - ₹4,208","13 days ago - ₹4,208","12 days ago - ₹5,948","11 days ago - ₹5,948","10 days ago - ₹5,948","9 days ago - ₹5,948","8 days ago - ₹5,948","7 days ago - ₹6,298","6 days ago - ₹6,298","5 days ago - ₹6,298","4 days ago - ₹6,298","3 days ago - ₹6,298","2 days ago - ₹6,298","1 day ago - ₹6,298","Today - ₹6,647"
,,,,,,,,,,,,,,,,,,,,,,,,,,,,,,,,,,,,,,,,,,,,,,,,,,,,,,,,,,,,
"60 days ago - ₹5,598","59 days ago - ₹5,598","58 days ago - ₹5,598","57 days ago - ₹5,598","56 days ago - ₹5,598","55 days ago - ₹5,598","54 days ago - ₹5,598","53 days ago - ₹5,598","52 days ago - ₹5,598","51 days ago - ₹5,598","50 days ago - ₹5,598","49 days ago - ₹5,598","48 days ago - ₹5,598","47 days ago - ₹5,598","46 days ago - ₹5,598","45 days ago - ₹5,598","44 days ago - ₹5,598","43 days ago - ₹5,598","42 days ago - ₹5,598","41 days ago - ₹5,598","40 days ago - ₹5,598","39 days ago - ₹5,598","38 days ago - ₹5,598","37 days ago - ₹5,598","36 days ago - ₹5,598","35 days ago - ₹5,598","34 days ago - ₹5,598","33 days ago - ₹5,598","32 days ago - ₹5,598","31 days ago - ₹5,598","30 days ago - ₹5,598","29 days ago - ₹5,314","28 days ago - ₹5,314","27 days ago - ₹5,314","26 days ago - ₹5,314","25 days ago - ₹5,314","24 days ago - ₹5,598","23 days ago - ₹5,598","22 days ago - ₹5,598","21 days ago - ₹5,773","20 days ago - ₹5,773","19 days ago - ₹5,773","18 days ago - ₹5,773","17 days ago - ₹5,773","16 days ago - ₹4,208","15 days ago - ₹4,208","14 days ago - ₹4,208","13 days ago - ₹4,208","12 days ago - ₹5,773","11 days ago - ₹5,948","10 days ago - ₹5,948","9 days ago - ₹5,948","8 days ago - ₹5,948","7 days ago - ₹5,948","6 days ago - ₹5,948","5 days ago - ₹6,298","4 days ago - ₹6,298","3 days ago - ₹6,298","2 days ago - ₹6,298","1 day ago - ₹6,298","Today - ₹6,298"
,,,,,,,,,,,,,,,,,,,,,,,,,,,,,,,,,,,,,,,,,,,,,,,,,,,,,,,,,,,,
"60 days ago - ₹5,598","59 days ago - ₹5,598","58 days ago - ₹5,598","57 days ago - ₹5,598","56 days ago - ₹5,598","55 days ago - ₹5,598","54 days ago - ₹5,598","53 days ago - ₹5,598","52 days ago - ₹5,598","51 days ago - ₹5,598","50 days ago - ₹5,598","49 days ago - ₹5,598","48 days ago - ₹5,598","47 days ago - ₹5,598","46 days ago - ₹5,598","45 days ago - ₹5,598","44 days ago - ₹5,598","43 days ago - ₹5,598","42 days ago - ₹5,598","41 days ago - ₹5,598","40 days ago - ₹5,598","39 days ago - ₹5,598","38 days ago - ₹5,598","37 days ago - ₹5,598","36 days ago - ₹5,598","35 days ago - ₹5,598","34 days ago - ₹5,598","33 days ago - ₹5,598","32 days ago - ₹5,598","31 days ago - ₹5,598","30 days ago - ₹5,598","29 days ago - ₹5,314","28 days ago - ₹5,314","27 days ago - ₹5,314","26 days ago - ₹5,314","25 days ago - ₹5,314","24 days ago - ₹5,598","23 days ago - ₹5,598","22 days ago - ₹5,598","21 days ago - ₹5,598","20 days ago - ₹5,598","19 days ago - ₹5,773","18 days ago - ₹5,773","17 days ago - ₹5,773","16 days ago - ₹4,208","15 days ago - ₹4,208","14 days ago - ₹4,208","13 days ago - ₹5,773","12 days ago - ₹5,773","11 days ago - ₹5,773","10 days ago - ₹5,948","9 days ago - ₹5,948","8 days ago - ₹5,948","7 days ago - ₹5,948","6 days ago - ₹5,948","5 days ago - ₹5,948","4 days ago - ₹6,298","3 days ago - ₹6,298","2 days ago - ₹6,298","1 day ago - ₹6,298","Today - ₹6,298"
,,,,,,,,,,,,,,,,,,,,,,,,,,,,,,,,,,,,,,,,,,,,,,,,,,,,,,,,,,,,
,,,,,,,,,,,,,,,,,,,,,,,,,,,,,,,,,,,,,,,,,,,,,,,,,,,,,,,,,,,,
"60 days ago - ₹5,598","59 days ago - ₹5,598","58 days ago - ₹5,598","57 days ago - ₹5,598","56 days ago - ₹5,598","55 days ago - ₹5,598","54 days ago - ₹5,598","53 days ago - ₹5,598","52 days ago - ₹5,598","51 days ago - ₹5,598","50 days ago - ₹5,598","49 days ago - ₹5,598","48 days ago - ₹5,598","47 days ago - ₹5,598","46 days ago - ₹5,598","45 days ago - ₹5,598","44 days ago - ₹5,598","43 days ago - ₹5,598","42 days ago - ₹5,598","41 days ago - ₹5,598","40 days ago - ₹5,598","39 days ago - ₹5,598","38 days ago - ₹5,598","37 days ago - ₹5,598","36 days ago - ₹5,598","35 days ago - ₹5,598","34 days ago - ₹5,598","33 days ago - ₹5,598","32 days ago - ₹5,598","31 days ago - ₹5,598","30 days ago - ₹5,598","29 days ago - ₹5,314","28 days ago - ₹5,314","27 days ago - ₹5,314","26 days ago - ₹5,314","25 days ago - ₹5,314","24 days ago - ₹5,598","23 days ago - ₹5,598","22 days ago - ₹5,598","21 days ago - ₹5,598","20 days ago - ₹5,598","19 days ago - ₹5,598","18 days ago - ₹5,598","17 days ago - ₹5,598","16 days ago - ₹4,208","15 days ago - ₹4,208","14 days ago - ₹4,208","13 days ago - ₹4,208","12 days ago - ₹5,773","11 days ago - ₹5,773","10 days ago - ₹5,773","9 days ago - ₹5,773","8 days ago - ₹5,773","7 days ago - ₹5,773","6 days ago - ₹5,948","5 days ago - ₹5,948","4 days ago - ₹5,948","3 days ago - ₹5,948","2 days ago - ₹5,948","1 day ago - ₹6,298","Today - ₹6,298"
,,,,,,,,,,,,,,,,,,,,,,,,,,,,,,,,,,,,,,,,,,,,,,,,,,,,,,,,,,,,
"60 days ago - ₹5,598","59 days ago - ₹5,598","58 days ago - ₹5,598","57 days ago - ₹5,598","56 days ago - ₹5,598","55 days ago - ₹5,598","54 days ago - ₹5,598","53 days ago - ₹5,598","52 days ago - ₹5,598","51 days ago - ₹5,598","50 days ago - ₹5,598","49 days ago - ₹5,598","48 days ago - ₹5,598","47 days ago - ₹5,598","46 days ago - ₹5,598","45 days ago - ₹5,598","44 days ago - ₹5,598","43 days ago - ₹5,598","42 days ago - ₹5,598","41 days ago - ₹5,598","40 days ago - ₹5,598","39 days ago - ₹5,598","38 days ago - ₹5,598","37 days ago - ₹5,598","36 days ago - ₹5,598","35 days ago - ₹5,598","34 days ago - ₹5,598","33 days ago - ₹5,598","32 days ago - ₹5,598","31 days ago - ₹5,598","30 days ago - ₹5,598","29 days ago - ₹5,314","28 days ago - ₹5,314","27 days ago - ₹5,314","26 days ago - ₹5,314","25 days ago - ₹5,598","24 days ago - ₹5,598","23 days ago - ₹5,598","22 days ago - ₹5,598","21 days ago - ₹5,598","20 days ago - ₹5,598","19 days ago - ₹5,598","18 days ago - ₹5,598","17 days ago - ₹5,598","16 days ago - ₹5,598","15 days ago - ₹5,598","14 days ago - ₹5,598","13 days ago - ₹5,773","12 days ago - ₹5,773","11 days ago - ₹5,773","10 days ago - ₹5,773","9 days ago - ₹5,948","8 days ago - ₹5,948","7 days ago - ₹5,948","6 days ago - ₹5,948","5 days ago - ₹5,948","4 days ago - ₹5,948","3 days ago - ₹5,948","2 days ago - ₹5,948","1 day ago - ₹5,948","Today - ₹6,298"
,,,,,,,,,,,,,,,,,,,,,,,,,,,,,,,,,,,,,,,,,,,,,,,,,,,,,,,,,,,,
"60 days ago - ₹5,598","59 days ago - ₹5,598","58 days ago - ₹5,598","57 days ago - ₹5,598","56 days ago - ₹5,598","55 days ago - ₹5,598","54 days ago - ₹5,598","53 days ago - ₹5,598","52 days ago - ₹5,598","51 days ago - ₹5,598","50 days ago - ₹5,598","49 days ago - ₹5,598","48 days ago - ₹5,598","47 days ago - ₹5,598","46 days ago - ₹5,598","45 days ago - ₹5,598","44 days ago - ₹5,598","43 days ago - ₹5,598","42 days ago - ₹5,598","41 days ago - ₹5,598","40 days ago - ₹5,598","39 days ago - ₹5,598","38 days ago - ₹5,598","37 days ago - ₹5,598","36 days ago - ₹5,598","35 days ago - ₹5,598","34 days ago - ₹5,598","33 days ago - ₹5,598","32 days ago - ₹5,598","31 days ago - ₹5,598","30 days ago - ₹5,598","29 days ago - ₹5,314","28 days ago - ₹5,314","27 days ago - ₹5,314","26 days ago - ₹5,314","25 days ago - ₹5,314","24 days ago - ₹5,598","23 days ago - ₹5,598","22 days ago - ₹5,598","21 days ago - ₹5,598","20 days ago - ₹5,598","19 days ago - ₹5,598","18 days ago - ₹5,598","17 days ago - ₹5,598","16 days ago - ₹4,208","15 days ago - ₹4,208","14 days ago - ₹4,208","13 days ago - ₹5,598","12 days ago - ₹5,773","11 days ago - ₹5,773","10 days ago - ₹5,773","9 days ago - ₹5,773","8 days ago - ₹5,773","7 days ago - ₹5,773","6 days ago - ₹5,773","5 days ago - ₹5,773","4 days ago - ₹5,773","3 days ago - ₹5,773","2 days ago - ₹5,948","1 day ago - ₹5,948","Today - ₹5,948"
,,,,,,,,,,,,,,,,,,,,,,,,,,,,,,,,,,,,,,,,,,,,,,,,,,,,,,,,,,,,
,,,,,,,,,,,,,,,,,,,,,,,,,,,,,,,,,,,,,,,,,,,,,,,,,,,,,,,,,,,,
"60 days ago - ₹5,760","59 days ago - ₹5,760","58 days ago - ₹5,760","57 days ago - ₹5,760","56 days ago - ₹5,760","55 days ago - ₹5,760","54 days ago - ₹5,760","53 days ago - ₹5,760","52 days ago - ₹5,760","51 days ago - ₹5,760","50 days ago - ₹5,760","49 days ago - ₹5,760","48 days ago - ₹5,760","47 days ago - ₹5,760","46 days ago - ₹5,760","45 days ago - ₹5,760","44 days ago - ₹5,760","43 days ago - ₹5,760","42 days ago - ₹5,760","41 days ago - ₹5,760","40 days ago - ₹5,760","39 days ago - ₹5,760","38 days ago - ₹5,760","37 days ago - ₹5,760","36 days ago - ₹5,760","35 days ago - ₹5,760","34 days ago - ₹5,760","33 days ago - ₹5,760","32 days ago - ₹5,760","31 days ago - ₹5,760","30 days ago - ₹5,760","29 days ago - ₹5,514","28 days ago - ₹5,714","27 days ago - ₹5,714","26 days ago - ₹5,714","25 days ago - ₹5,714","24 days ago - ₹5,760","23 days ago - ₹5,760","22 days ago - ₹5,760","21 days ago - ₹5,760","20 days ago - ₹5,760","19 days ago - ₹5,760","18 days ago - ₹5,760","17 days ago - ₹5,760","16 days ago - ₹5,941","15 days ago - ₹5,941","14 days ago - ₹5,760","13 days ago - ₹5,760","12 days ago - ₹5,760","11 days ago - ₹5,760","10 days ago - ₹5,760","9 days ago - ₹5,760","8 days ago - ₹5,941","7 days ago - ₹5,941","6 days ago - ₹5,941","5 days ago - ₹5,941","4 days ago - ₹5,941","3 days ago - ₹5,941","2 days ago - ₹5,941","1 day ago - ₹6,122","Today - ₹6,484"
,,,,,,,,,,,,,,,,,,,,,,,,,,,,,,,,,,,,,,,,,,,,,,,,,,,,,,,,,,,,
"60 days ago - ₹5,760","59 days ago - ₹5,760","58 days ago - ₹5,760","57 days ago - ₹5,760","56 days ago - ₹5,760","55 days ago - ₹5,760","54 days ago - ₹5,760","53 days ago - ₹5,760","52 days ago - ₹5,760","51 days ago - ₹5,760","50 days ago - ₹5,760","49 days ago - ₹5,760","48 days ago - ₹5,760","47 days ago - ₹5,760","46 days ago - ₹5,760","45 days ago - ₹5,760","44 days ago - ₹5,760","43 days ago - ₹5,760","42 days ago - ₹5,760","41 days ago - ₹5,760","40 days ago - ₹5,760","39 days ago - ₹5,760","38 days ago - ₹5,760","37 days ago - ₹5,760","36 days ago - ₹5,760","35 days ago - ₹5,760","34 days ago - ₹5,760","33 days ago - ₹5,760","32 days ago - ₹5,760","31 days ago - ₹5,760","30 days ago - ₹5,760","29 days ago - ₹5,514","28 days ago - ₹5,714","27 days ago - ₹5,714","26 days ago - ₹5,714","25 days ago - ₹5,714","24 days ago - ₹5,760","23 days ago - ₹5,760","22 days ago - ₹5,760","21 days ago - ₹5,760","20 days ago - ₹5,760","19 days ago - ₹5,760","18 days ago - ₹5,760","17 days ago - ₹5,760","16 days ago - ₹5,760","15 days ago - ₹5,760","14 days ago - ₹5,760","13 days ago - ₹5,760","12 days ago - ₹5,760","11 days ago - ₹5,760","10 days ago - ₹5,760","9 days ago - ₹5,760","8 days ago - ₹5,760","7 days ago - ₹5,760","6 days ago - ₹5,760","5 days ago - ₹5,941","4 days ago - ₹5,941","3 days ago - ₹5,941","2 days ago - ₹6,122","1 day ago - ₹6,122","Today - ₹6,122"
,,,,,,,,,,,,,,,,,,,,,,,,,,,,,,,,,,,,,,,,,,,,,,,,,,,,,,,,,,,,
"60 days ago - ₹5,760","59 days ago - ₹5,760","58 days ago - ₹5,760","57 days ago - ₹5,760","56 days ago - ₹5,760","55 days ago - ₹5,760","54 days ago - ₹5,760","53 days ago - ₹5,760","52 days ago - ₹5,760","51 days ago - ₹5,760","50 days ago - ₹5,760","49 days ago - ₹5,760","48 days ago - ₹5,760","47 days ago - ₹5,760","46 days ago - ₹5,760","45 days ago - ₹5,760","44 days ago - ₹5,760","43 days ago - ₹5,760","42 days ago - ₹5,760","41 days ago - ₹5,760","40 days ago - ₹5,760","39 days ago - ₹5,760","38 days ago - ₹5,941","37 days ago - ₹5,941","36 days ago - ₹6,122","35 days ago - ₹6,122","34 days ago - ₹6,122","33 days ago - ₹6,122","32 days ago - ₹6,122","31 days ago - ₹6,122","30 days ago - ₹6,484","29 days ago - ₹6,484","28 days ago - ₹6,846","27 days ago - ₹6,846","26 days ago - ₹6,846","25 days ago - ₹6,846","24 days ago - ₹7,390","23 days ago - ₹7,390","22 days ago - ₹7,390","21 days ago - ₹7,390","20 days ago - ₹7,390","19 days ago - ₹7,390","18 days ago - ₹7,932","17 days ago - ₹7,932","16 days ago - ₹7,932","15 days ago - ₹7,932","14 days ago - ₹8,657","13 days ago - ₹9,380","12 days ago - ₹9,380","11 days ago - ₹9,380","10 days ago - ₹9,380","9 days ago - ₹9,380","8 days ago - ₹10,285","7 days ago - ₹10,285","6 days ago - ₹10,285","5 days ago - ₹10,285","4 days ago - ₹10,285","3 days ago - ₹10,285","2 days ago - ₹10,285","1 day ago - ₹10,285","Today - ₹10,285"
,,,,,,,,,,,,,,,,,,,,,,,,,,,,,,,,,,,,,,,,,,,,,,,,,,,,,,,,,,,,
,,,,,,,,,,,,,,,,,,,,,,,,,,,,,,,,,,,,,,,,,,,,,,,,,,,,,,,,,,,,
"60 days ago - ₹5,760","59 days ago - ₹5,760","58 days ago - ₹5,760","57 days ago - ₹5,760","56 days ago - ₹5,760","55 days ago - ₹5,760","54 days ago - ₹5,760","53 days ago - ₹5,760","52 days ago - ₹5,760","51 days ago - ₹5,760","50 days ago - ₹5,760","49 days ago - ₹5,760","48 days ago - ₹5,760","47 days ago - ₹5,760","46 days ago - ₹5,760","45 days ago - ₹5,760","44 days ago - ₹5,760","43 days ago - ₹5,760","42 days ago - ₹5,760","41 days ago - ₹5,760","40 days ago - ₹5,760","39 days ago - ₹5,760","38 days ago - ₹5,760","37 days ago - ₹5,760","36 days ago - ₹5,760","35 days ago - ₹5,760","34 days ago - ₹5,760","33 days ago - ₹5,760","32 days ago - ₹5,760","31 days ago - ₹5,760","30 days ago - ₹5,941","29 days ago - ₹5,514","28 days ago - ₹5,714","27 days ago - ₹5,714","26 days ago - ₹5,714","25 days ago - ₹5,714","24 days ago - ₹5,941","23 days ago - ₹5,941","22 days ago - ₹5,941","21 days ago - ₹5,941","20 days ago - ₹5,941","19 days ago - ₹6,122","18 days ago - ₹6,122","17 days ago - ₹6,122","16 days ago - ₹6,122","15 days ago - ₹6,122","14 days ago - ₹6,122","13 days ago - ₹6,122","12 days ago - ₹6,122","11 days ago - ₹6,122","10 days ago - ₹6,122","9 days ago - ₹6,122","8 days ago - ₹6,122","7 days ago - ₹6,122","6 days ago - ₹6,122","5 days ago - ₹6,484","4 days ago - ₹6,484","3 days ago - ₹6,484","2 days ago - ₹6,484","1 day ago - ₹6,484","Today - ₹6,484"
,,,,,,,,,,,,,,,,,,,,,,,,,,,,,,,,,,,,,,,,,,,,,,,,,,,,,,,,,,,,
"60 days ago - ₹5,760","59 days ago - ₹5,760","58 days ago - ₹5,760","57 days ago - ₹5,760","56 days ago - ₹5,760","55 days ago - ₹5,760","54 days ago - ₹5,760","53 days ago - ₹5,760","52 days ago - ₹5,760","51 days ago - ₹5,760","50 days ago - ₹5,760","49 days ago - ₹5,760","48 days ago - ₹5,760","47 days ago - ₹5,760","46 days ago - ₹5,760","45 days ago - ₹5,760","44 days ago - ₹5,760","43 days ago - ₹5,760","42 days ago - ₹5,760","41 days ago - ₹5,760","40 days ago - ₹5,760","39 days ago - ₹5,760","38 days ago - ₹5,760","37 days ago - ₹5,760","36 days ago - ₹5,760","35 days ago - ₹5,760","34 days ago - ₹5,760","33 days ago - ₹5,760","32 days ago - ₹5,760","31 days ago - ₹5,760","30 days ago - ₹5,760","29 days ago - ₹5,514","28 days ago - ₹5,714","27 days ago - ₹5,714","26 days ago - ₹5,714","25 days ago - ₹5,760","24 days ago - ₹5,760","23 days ago - ₹5,760","22 days ago - ₹5,760","21 days ago - ₹5,760","20 days ago - ₹5,760","19 days ago - ₹5,941","18 days ago - ₹5,941","17 days ago - ₹5,941","16 days ago - ₹5,941","15 days ago - ₹5,941","14 days ago - ₹5,760","13 days ago - ₹5,760","12 days ago - ₹5,760","11 days ago - ₹5,941","10 days ago - ₹5,941","9 days ago - ₹5,941","8 days ago - ₹5,941","7 days ago - ₹5,941","6 days ago - ₹5,941","5 days ago - ₹5,941","4 days ago - ₹5,941","3 days ago - ₹5,941","2 days ago - ₹5,941","1 day ago - ₹5,941","Today - ₹6,122"
,,,,,,,,,,,,,,,,,,,,,,,,,,,,,,,,,,,,,,,,,,,,,,,,,,,,,,,,,,,,
"60 days ago - ₹6,846","59 days ago - ₹6,846","58 days ago - ₹6,846","57 days ago - ₹6,846","56 days ago - ₹6,846","55 days ago - ₹6,846","54 days ago - ₹6,846","53 days ago - ₹6,846","52 days ago - ₹6,846","51 days ago - ₹6,846","50 days ago - ₹6,846","49 days ago - ₹6,846","48 days ago - ₹7,390","47 days ago - ₹7,390","46 days ago - ₹7,390","45 days ago - ₹7,390","44 days ago - ₹7,390","43 days ago - ₹7,390","42 days ago - ₹7,390","41 days ago - ₹7,390","40 days ago - ₹7,390","39 days ago - ₹7,390","38 days ago - ₹7,390","37 days ago - ₹7,390","36 days ago - ₹7,390","35 days ago - ₹7,390","34 days ago - ₹7,390","33 days ago - ₹7,390","32 days ago - ₹7,390","31 days ago - ₹7,390","30 days ago - ₹7,390","29 days ago - ₹7,390","28 days ago - ₹7,390","27 days ago - ₹7,390","26 days ago - ₹7,390","25 days ago - ₹7,390","24 days ago - ₹7,390","23 days ago - ₹7,390","22 days ago - ₹7,390","21 days ago - ₹7,390","20 days ago - ₹7,390","19 days ago - ₹7,390","18 days ago - ₹7,390","17 days ago - ₹7,390","16 days ago - ₹7,390","15 days ago - ₹7,390","14 days ago - ₹7,932","13 days ago - ₹7,932","12 days ago - ₹7,932","11 days ago - ₹8,657","10 days ago - ₹8,657","9 days ago - ₹8,657","8 days ago - ₹8,657","7 days ago - ₹8,657","6 days ago - ₹8,657","5 days ago - ₹8,657","4 days ago - ₹8,657","3 days ago - ₹8,657","2 days ago - ₹8,657","1 day ago - ₹8,657","Today - ₹8,657"
,,,,,,,,,,,,,,,,,,,,,,,,,,,,,,,,,,,,,,,,,,,,,,,,,,,,,,,,,,,,
,,,,,,,,,,,,,,,,,,,,,,,,,,,,,,,,,,,,,,,,,,,,,,,,,,,,,,,,,,,,
"60 days ago - ₹5,760","59 days ago - ₹5,760","58 days ago - ₹5,760","57 days ago - ₹5,941","56 days ago - ₹5,941","55 days ago - ₹5,941","54 days ago - ₹5,941","53 days ago - ₹5,941","52 days ago - ₹6,122","51 days ago - ₹6,122","50 days ago - ₹6,122","49 days ago - ₹6,122","48 days ago - ₹6,122","47 days ago - ₹6,122","46 days ago - ₹6,122","45 days ago - ₹6,122","44 days ago - ₹6,122","43 days ago - ₹6,122","42 days ago - ₹6,122","41 days ago - ₹6,122","40 days ago - ₹6,122","39 days ago - ₹6,122","38 days ago - ₹6,122","37 days ago - ₹6,122","36 days ago - ₹6,122","35 days ago - ₹6,122","34 days ago - ₹6,122","33 days ago - ₹6,122","32 days ago - ₹6,484","31 days ago - ₹6,484","30 days ago - ₹6,484","29 days ago - ₹6,484","28 days ago - ₹6,484","27 days ago - ₹6,484","26 days ago - ₹6,484","25 days ago - ₹6,484","24 days ago - ₹6,484","23 days ago - ₹6,484","22 days ago - ₹6,484","21 days ago - ₹6,484","20 days ago - ₹6,846","19 days ago - ₹6,846","18 days ago - ₹6,846","17 days ago - ₹6,846","16 days ago - ₹6,846","15 days ago - ₹6,846","14 days ago - ₹6,846","13 days ago - ₹6,846","12 days ago - ₹6,846","11 days ago - ₹6,846","10 days ago - ₹7,390","9 days ago - ₹7,390","8 days ago - ₹7,390","7 days ago - ₹7,390","6 days ago - ₹7,390","5 days ago - ₹7,390","4 days ago - ₹7,390","3 days ago - ₹7,390","2 days ago - ₹7,932","1 day ago - ₹7,932","Today - ₹7,932"
,,,,,,,,,,,,,,,,,,,,,,,,,,,,,,,,,,,,,,,,,,,,,,,,,,,,,,,,,,,,
"60 days ago - ₹5,760","59 days ago - ₹5,760","58 days ago - ₹5,760","57 days ago - ₹5,760","56 days ago - ₹5,760","55 days ago - ₹5,760","54 days ago - ₹5,760","53 days ago - ₹5,760","52 days ago - ₹5,760","51 days ago - ₹5,760","50 days ago - ₹5,760","49 days ago - ₹5,760","48 days ago - ₹5,760","47 days ago - ₹5,760","46 days ago - ₹5,760","45 days ago - ₹5,760","44 days ago - ₹5,760","43 days ago - ₹5,760","42 days ago - ₹5,760","41 days ago - ₹5,760","40 days ago - ₹5,760","39 days ago - ₹5,760","38 days ago - ₹5,760","37 days ago - ₹5,760","36 days ago - ₹5,760","35 days ago - ₹5,760","34 days ago - ₹5,760","33 days ago - ₹5,760","32 days ago - ₹5,760","31 days ago - ₹5,760","30 days ago - ₹5,760","29 days ago - ₹5,760","28 days ago - ₹5,760","27 days ago - ₹5,760","26 days ago - ₹5,760","25 days ago - ₹5,760","24 days ago - ₹5,760","23 days ago - ₹5,760","22 days ago - ₹5,760","21 days ago - ₹5,760","20 days ago - ₹5,760","19 days ago - ₹5,760","18 days ago - ₹5,760","17 days ago - ₹5,760","16 days ago - ₹5,941","15 days ago - ₹5,941","14 days ago - ₹5,941","13 days ago - ₹5,941","12 days ago - ₹5,941","11 days ago - ₹5,941","10 days ago - ₹5,941","9 days ago - ₹5,941","8 days ago - ₹6,122","7 days ago - ₹6,122","6 days ago - ₹6,122","5 days ago - ₹6,484","4 days ago - ₹6,484","3 days ago - ₹6,484","2 days ago - ₹6,484","1 day ago - ₹6,484","Today - ₹6,846"
,,,,,,,,,,,,,,,,,,,,,,,,,,,,,,,,,,,,,,,,,,,,,,,,,,,,,,,,,,,,
"60 days ago - ₹5,760","59 days ago - ₹5,760","58 days ago - ₹5,760","57 days ago - ₹5,760","56 days ago - ₹5,760","55 days ago - ₹5,760","54 days ago - ₹6,122","53 days ago - ₹6,122","52 days ago - ₹6,122","51 days ago - ₹6,122","50 days ago - ₹6,122","49 days ago - ₹6,122","48 days ago - ₹6,122","47 days ago - ₹6,122","46 days ago - ₹6,122","45 days ago - ₹6,484","44 days ago - ₹6,484","43 days ago - ₹6,484","42 days ago - ₹6,484","41 days ago - ₹6,484","40 days ago - ₹6,484","39 days ago - ₹6,484","38 days ago - ₹6,484","37 days ago - ₹6,484","36 days ago - ₹6,484","35 days ago - ₹6,846","34 days ago - ₹6,846","33 days ago - ₹6,846","32 days ago - ₹6,846","31 days ago - ₹6,846","30 days ago - ₹6,846","29 days ago - ₹6,846","28 days ago - ₹6,846","27 days ago - ₹6,846","26 days ago - ₹6,846","25 days ago - ₹6,846","24 days ago - ₹6,846","23 days ago - ₹6,846","22 days ago - ₹6,846","21 days ago - ₹7,390","20 days ago - ₹7,390","19 days ago - ₹7,390","18 days ago - ₹7,390","17 days ago - ₹7,390","16 days ago - ₹7,390","15 days ago - ₹7,390","14 days ago - ₹7,390","13 days ago - ₹7,390","12 days ago - ₹7,390","11 days ago - ₹7,390","10 days ago - ₹7,390","9 days ago - ₹7,390","8 days ago - ₹7,390","7 days ago - ₹7,390","6 days ago - ₹7,932","5 days ago - ₹7,932","4 days ago - ₹7,932","3 days ago - ₹7,932","2 days ago - ₹7,932","1 day ago - ₹7,932","Today - ₹7,932"
,,,,,,,,,,,,,,,,,,,,,,,,,,,,,,,,,,,,,,,,,,,,,,,,,,,,,,,,,,,,
,,,,,,,,,,,,,,,,,,,,,,,,,,,,,,,,,,,,,,,,,,,,,,,,,,,,,,,,,,,,
"60 days ago - ₹5,760","59 days ago - ₹5,760","58 days ago - ₹5,760","57 days ago - ₹5,760","56 days ago - ₹5,760","55 days ago - ₹5,760","54 days ago - ₹5,760","53 days ago - ₹5,760","52 days ago - ₹5,760","51 days ago - ₹5,760","50 days ago - ₹5,760","49 days ago - ₹5,760","48 days ago - ₹5,760","47 days ago - ₹5,760","46 days ago - ₹5,760","45 days ago - ₹5,760","44 days ago - ₹5,760","43 days ago - ₹5,760","42 days ago - ₹5,760","41 days ago - ₹5,760","40 days ago - ₹5,760","39 days ago - ₹5,760","38 days ago - ₹5,760","37 days ago - ₹5,760","36 days ago - ₹5,760","35 days ago - ₹5,760","34 days ago - ₹5,760","33 days ago - ₹5,760","32 days ago - ₹5,760","31 days ago - ₹5,760","30 days ago - ₹5,760","29 days ago - ₹5,514","28 days ago - ₹5,714","27 days ago - ₹5,714","26 days ago - ₹5,714","25 days ago - ₹5,714","24 days ago - ₹5,760","23 days ago - ₹5,760","22 days ago - ₹5,760","21 days ago - ₹5,760","20 days ago - ₹5,760","19 days ago - ₹5,760","18 days ago - ₹5,760","17 days ago - ₹5,760","16 days ago - ₹5,760","15 days ago - ₹5,941","14 days ago - ₹5,941","13 days ago - ₹5,941","12 days ago - ₹5,941","11 days ago - ₹5,941","10 days ago - ₹5,941","9 days ago - ₹5,941","8 days ago - ₹5,941","7 days ago - ₹5,941","6 days ago - ₹5,941","5 days ago - ₹5,941","4 days ago - ₹6,122","3 days ago - ₹6,122","2 days ago - ₹6,122","1 day ago - ₹6,122","Today - ₹6,122"
,,,,,,,,,,,,,,,,,,,,,,,,,,,,,,,,,,,,,,,,,,,,,,,,,,,,,,,,,,,,
"60 days ago - ₹5,760","59 days ago - ₹5,760","58 days ago - ₹5,760","57 days ago - ₹5,760","56 days ago - ₹5,760","55 days ago - ₹5,760","54 days ago - ₹5,760","53 days ago - ₹5,760","52 days ago - ₹5,760","51 days ago - ₹5,760","50 days ago - ₹5,760","49 days ago - ₹5,760","48 days ago - ₹5,760","47 days ago - ₹5,760","46 days ago - ₹5,760","45 days ago - ₹5,760","44 days ago - ₹5,760","43 days ago - ₹5,760","42 days ago - ₹5,760","41 days ago - ₹5,760","40 days ago - ₹5,760","39 days ago - ₹5,760","38 days ago - ₹5,760","37 days ago - ₹5,760","36 days ago - ₹5,760","35 days ago - ₹5,760","34 days ago - ₹5,760","33 days ago - ₹5,760","32 days ago - ₹5,760","31 days ago - ₹5,760","30 days ago - ₹5,760","29 days ago - ₹5,514","28 days ago - ₹5,714","27 days ago - ₹5,714","26 days ago - ₹5,714","25 days ago - ₹5,714","24 days ago - ₹5,760","23 days ago - ₹5,760","22 days ago - ₹5,760","21 days ago - ₹5,760","20 days ago - ₹5,760","19 days ago - ₹5,760","18 days ago - ₹5,760","17 days ago - ₹5,760","16 days ago - ₹5,760","15 days ago - ₹5,760","14 days ago - ₹5,760","13 days ago - ₹5,760","12 days ago - ₹5,760","11 days ago - ₹5,760","10 days ago - ₹5,760","9 days ago - ₹5,760","8 days ago - ₹5,760","7 days ago - ₹5,760","6 days ago - ₹5,760","5 days ago - ₹5,760","4 days ago - ₹5,760","3 days ago - ₹5,760","2 days ago - ₹5,760","1 day ago - ₹5,760","Today - ₹5,760"
,,,,,,,,,,,,,,,,,,,,,,,,,,,,,,,,,,,,,,,,,,,,,,,,,,,,,,,,,,,,
"60 days ago - ₹5,760","59 days ago - ₹5,760","58 days ago - ₹5,760","57 days ago - ₹5,760","56 days ago - ₹5,760","55 days ago - ₹5,760","54 days ago - ₹5,760","53 days ago - ₹5,760","52 days ago - ₹5,760","51 days ago - ₹5,760","50 days ago - ₹5,760","49 days ago - ₹5,760","48 days ago - ₹5,760","47 days ago - ₹5,760","46 days ago - ₹5,760","45 days ago - ₹5,760","44 days ago - ₹5,760","43 days ago - ₹5,760","42 days ago - ₹5,760","41 days ago - ₹5,760","40 days ago - ₹5,760","39 days ago - ₹5,760","38 days ago - ₹5,760","37 days ago - ₹5,760","36 days ago - ₹5,941","35 days ago - ₹5,941","34 days ago - ₹5,941","33 days ago - ₹5,941","32 days ago - ₹5,941","31 days ago - ₹5,941","30 days ago - ₹5,941","29 days ago - ₹5,941","28 days ago - ₹6,122","27 days ago - ₹6,122","26 days ago - ₹6,122","25 days ago - ₹6,122","24 days ago - ₹6,122","23 days ago - ₹6,122","22 days ago - ₹6,122","21 days ago - ₹6,122","20 days ago - ₹6,122","19 days ago - ₹6,122","18 days ago - ₹6,122","17 days ago - ₹6,122","16 days ago - ₹6,122","15 days ago - ₹6,122","14 days ago - ₹6,122","13 days ago - ₹6,122","12 days ago - ₹6,122","11 days ago - ₹6,122","10 days ago - ₹6,122","9 days ago - ₹6,122","8 days ago - ₹6,122","7 days ago - ₹6,122","6 days ago - ₹6,122","5 days ago - ₹6,122","4 days ago - ₹6,122","3 days ago - ₹6,122","2 days ago - ₹6,122","1 day ago - ₹6,122","Today - ₹6,122"
,,,,,,,,,,,,,,,,,,,,,,,,,,,,,,,,,,,,,,,,,,,,,,,,,,,,,,,,,,,,
,,,,,,,,,,,,,,,,,,,,,,,,,,,,,,,,,,,,,,,,,,,,,,,,,,,,,,,,,,,,
"60 days ago - ₹5,760","59 days ago - ₹5,760","58 days ago - ₹5,760","57 days ago - ₹5,760","56 days ago - ₹5,760","55 days ago - ₹5,760","54 days ago - ₹5,760","53 days ago - ₹5,760","52 days ago - ₹5,760","51 days ago - ₹5,760","50 days ago - ₹5,760","49 days ago - ₹5,760","48 days ago - ₹5,760","47 days ago - ₹5,760","46 days ago - ₹5,760","45 days ago - ₹5,760","44 days ago - ₹5,760","43 days ago - ₹5,760","42 days ago - ₹5,760","41 days ago - ₹5,760","40 days ago - ₹5,760","39 days ago - ₹5,760","38 days ago - ₹5,760","37 days ago - ₹5,760","36 days ago - ₹5,760","35 days ago - ₹5,760","34 days ago - ₹5,760","33 days ago - ₹5,760","32 days ago - ₹5,760","31 days ago - ₹5,760","30 days ago - ₹5,760","29 days ago - ₹5,514","28 days ago - ₹5,714","27 days ago - ₹5,714","26 days ago - ₹5,714","25 days ago - ₹5,714","24 days ago - ₹5,760","23 days ago - ₹5,760","22 days ago - ₹5,760","21 days ago - ₹5,760","20 days ago - ₹5,760","19 days ago - ₹5,760","18 days ago - ₹5,760","17 days ago - ₹5,760","16 days ago - ₹5,760","15 days ago - ₹5,941","14 days ago - ₹5,941","13 days ago - ₹5,941","12 days ago - ₹5,941","11 days ago - ₹5,941","10 days ago - ₹5,941","9 days ago - ₹5,941","8 days ago - ₹5,941","7 days ago - ₹6,122","6 days ago - ₹6,122","5 days ago - ₹6,122","4 days ago - ₹6,122","3 days ago - ₹6,122","2 days ago - ₹6,122","1 day ago - ₹6,122","Today - ₹6,484"
,,,,,,,,,,,,,,,,,,,,,,,,,,,,,,,,,,,,,,,,,,,,,,,,,,,,,,,,,,,,
"60 days ago - ₹5,760","59 days ago - ₹5,760","58 days ago - ₹5,760","57 days ago - ₹5,760","56 days ago - ₹5,760","55 days ago - ₹5,760","54 days ago - ₹5,760","53 days ago - ₹5,760","52 days ago - ₹5,760","51 days ago - ₹5,760","50 days ago - ₹5,760","49 days ago - ₹5,760","48 days ago - ₹5,760","47 days ago - ₹5,760","46 days ago - ₹5,760","45 days ago - ₹5,760","44 days ago - ₹5,760","43 days ago - ₹5,760","42 days ago - ₹5,760","41 days ago - ₹5,760","40 days ago - ₹5,760","39 days ago - ₹5,760","38 days ago - ₹5,760","37 days ago - ₹5,760","36 days ago - ₹5,760","35 days ago - ₹5,760","34 days ago - ₹5,760","33 days ago - ₹5,760","32 days ago - ₹5,760","31 days ago - ₹5,760","30 days ago - ₹5,760","29 days ago - ₹5,514","28 days ago - ₹5,714","27 days ago - ₹5,714","26 days ago - ₹5,714","25 days ago - ₹5,714","24 days ago - ₹5,760","23 days ago - ₹5,760","22 days ago - ₹5,760","21 days ago - ₹5,760","20 days ago - ₹5,760","19 days ago - ₹5,760","18 days ago - ₹5,760","17 days ago - ₹5,760","16 days ago - ₹5,760","15 days ago - ₹5,760","14 days ago - ₹5,760","13 days ago - ₹5,760","12 days ago - ₹5,760","11 days ago - ₹5,760","10 days ago - ₹5,760","9 days ago - ₹5,760","8 days ago - ₹5,760","7 days ago - ₹5,760","6 days ago - ₹5,760","5 days ago - ₹5,760","4 days ago - ₹5,760","3 days ago - ₹5,760","2 days ago - ₹5,760","1 day ago - ₹5,760","Today - ₹5,760"
,,,,,,,,,,,,,,,,,,,,,,,,,,,,,,,,,,,,,,,,,,,,,,,,,,,,,,,,,,,,
"60 days ago - ₹6,846","59 days ago - ₹6,846","58 days ago - ₹6,846","57 days ago - ₹7,390","56 days ago - ₹7,390","55 days ago - ₹7,932","54 days ago - ₹7,932","53 days ago - ₹8,657","52 days ago - ₹8,657","51 days ago - ₹8,657","50 days ago - ₹8,657","49 days ago - ₹8,657","48 days ago - ₹8,657","47 days ago - ₹8,657","46 days ago - ₹9,380","45 days ago - ₹9,380","44 days ago - ₹10,285","43 days ago - ₹10,285","42 days ago - ₹10,285","41 days ago - ₹10,285","40 days ago - ₹10,285","39 days ago - ₹11,372","38 days ago - ₹11,372","37 days ago - ₹11,372","36 days ago - ₹11,372","35 days ago - ₹11,372","34 days ago - ₹11,372","33 days ago - ₹11,372","32 days ago - ₹11,372","31 days ago - ₹11,372","30 days ago - ₹11,372","29 days ago - ₹11,372","28 days ago - ₹11,372","27 days ago - ₹12,640","26 days ago - ₹12,640","25 days ago - ₹12,640","24 days ago - ₹12,640","23 days ago - ₹12,640","22 days ago - ₹12,640","21 days ago - ₹12,640","20 days ago - ₹12,640","19 days ago - ₹12,640","18 days ago - ₹12,640","17 days ago - ₹12,640","16 days ago - ₹14,087","15 days ago - ₹14,087","14 days ago - ₹14,087","13 days ago - ₹14,087","12 days ago - ₹17,527","11 days ago - ₹17,527","10 days ago - ₹19,518","9 days ago - ₹19,518","8 days ago - ₹19,518","7 days ago - ₹19,518","6 days ago - ₹19,518","5 days ago - ₹19,518","4 days ago - ₹19,518","3 days ago - ₹19,518","2 days ago - ₹19,518","1 day ago - ₹23,863","Today - ₹23,863"
,,,,,,,,,,,,,,,,,,,,,,,,,,,,,,,,,,,,,,,,,,,,,,,,,,,,,,,,,,,,
,,,,,,,,,,,,,,,,,,,,,,,,,,,,,,,,,,,,,,,,,,,,,,,,,,,,,,,,,,,,
"60 days ago - ₹8,657","59 days ago - ₹8,657","58 days ago - ₹9,380","57 days ago - ₹9,380","56 days ago - ₹10,285","55 days ago - ₹10,285","54 days ago - ₹10,285","53 days ago - ₹10,285","52 days ago - ₹10,285","51 days ago - ₹10,285","50 days ago - ₹10,285","49 days ago - ₹10,285","48 days ago - ₹11,372","47 days ago - ₹11,372","46 days ago - ₹11,372","45 days ago - ₹11,372","44 days ago - ₹11,372","43 days ago - ₹11,372","42 days ago - ₹11,372","41 days ago - ₹11,372","40 days ago - ₹12,640","39 days ago - ₹12,640","38 days ago - ₹12,640","37 days ago - ₹12,640","36 days ago - ₹12,640","35 days ago - ₹12,640","34 days ago - ₹12,640","33 days ago - ₹12,640","32 days ago - ₹12,640","31 days ago - ₹21,691","30 days ago - ₹21,691","29 days ago - ₹21,691","28 days ago - ₹21,691","27 days ago - ₹21,691","26 days ago - ₹21,691","25 days ago - ₹21,691","24 days ago - ₹21,691","23 days ago - ₹21,691","22 days ago - ₹21,691","21 days ago - ₹21,691","20 days ago - ₹21,691","19 days ago - ₹21,691","18 days ago - ₹21,691","17 days ago - ₹21,691","16 days ago - ₹21,691","15 days ago - ₹23,863","14 days ago - ₹23,863","13 days ago - ₹23,863","12 days ago - ₹23,863","11 days ago - ₹23,863","10 days ago - ₹23,863","9 days ago - ₹23,863","8 days ago - ₹23,863","7 days ago - ₹23,863","6 days ago - ₹23,863","5 days ago - ₹23,863","4 days ago - ₹23,863","3 days ago - ₹23,863","2 days ago - ₹21,691","1 day ago - ₹21,691","Today - ₹21,691"
,,,,,,,,,,,,,,,,,,,,,,,,,,,,,,,,,,,,,,,,,,,,,,,,,,,,,,,,,,,,
"60 days ago - ₹10,285","59 days ago - ₹10,285","58 days ago - ₹10,285","57 days ago - ₹10,285","56 days ago - ₹10,285","55 days ago - ₹10,285","54 days ago - ₹10,285","53 days ago - ₹10,285","52 days ago - ₹10,285","51 days ago - ₹10,285","50 days ago - ₹10,285","49 days ago - ₹10,285","48 days ago - ₹10,285","47 days ago - ₹10,285","46 days ago - ₹10,285","45 days ago - ₹10,285","44 days ago - ₹10,285","43 days ago - ₹10,285","42 days ago - ₹11,372","41 days ago - ₹11,372","40 days ago - ₹11,372","39 days ago - ₹11,372","38 days ago - ₹11,372","37 days ago - ₹10,285","36 days ago - ₹10,285","35 days ago - ₹10,285","34 days ago - ₹11,372","33 days ago - ₹11,372","32 days ago - ₹11,372","31 days ago - ₹21,691","30 days ago - ₹21,691","29 days ago - ₹21,691","28 days ago - ₹21,691","27 days ago - ₹21,691","26 days ago - ₹21,691","25 days ago - ₹21,691","24 days ago - ₹21,691","23 days ago - ₹21,691","22 days ago - ₹21,691","21 days ago - ₹21,691","20 days ago - ₹21,691","19 days ago - ₹21,691","18 days ago - ₹21,691","17 days ago - ₹21,691","16 days ago - ₹21,691","15 days ago - ₹21,691","14 days ago - ₹21,691","13 days ago - ₹21,691","12 days ago - ₹21,691","11 days ago - ₹21,691","10 days ago - ₹21,691","9 days ago - ₹21,691","8 days ago - ₹21,691","7 days ago - ₹21,691","6 days ago - ₹21,691","5 days ago - ₹19,518","4 days ago - ₹19,518","3 days ago - ₹19,518","2 days ago - ₹17,527","1 day ago - ₹17,527","Today - ₹17,527"
,,,,,,,,,,,,,,,,,,,,,,,,,,,,,,,,,,,,,,,,,,,,,,,,,,,,,,,,,,,,
"60 days ago - ₹7,390","59 days ago - ₹7,932","58 days ago - ₹7,932","57 days ago - ₹7,932","56 days ago - ₹7,932","55 days ago - ₹7,932","54 days ago - ₹8,657","53 days ago - ₹8,657","52 days ago - ₹8,657","51 days ago - ₹8,657","50 days ago - ₹8,657","49 days ago - ₹10,285","48 days ago - ₹10,285","47 days ago - ₹10,285","46 days ago - ₹10,285","45 days ago - ₹10,285","44 days ago - ₹10,285","43 days ago - ₹10,285","42 days ago - ₹11,372","41 days ago - ₹11,372","40 days ago - ₹11,372","39 days ago - ₹11,372","38 days ago - ₹11,372","37 days ago - ₹11,372","36 days ago - ₹11,372","35 days ago - ₹11,372","34 days ago - ₹11,372","33 days ago - ₹11,372","32 days ago - ₹11,372","31 days ago - ₹21,691","30 days ago - ₹21,691","29 days ago - ₹21,691","28 days ago - ₹21,691","27 days ago - ₹21,691","26 days ago - ₹21,691","25 days ago - ₹21,691","24 days ago - ₹21,691","23 days ago - ₹21,691","22 days ago - ₹21,691","21 days ago - ₹21,691","20 days ago - ₹21,691","19 days ago - ₹21,691","18 days ago - ₹21,691","17 days ago - ₹21,691","16 days ago - ₹21,691","15 days ago - ₹23,863","14 days ago - ₹23,863","13 days ago - ₹23,863","12 days ago - ₹23,863","11 days ago - ₹23,863","10 days ago - ₹23,863","9 days ago - ₹23,863","8 days ago - ₹23,863","7 days ago - ₹23,863","6 days ago - ₹23,863","5 days ago - ₹23,863","4 days ago - ₹23,863","3 days ago - ₹23,863","2 days ago - ₹21,691","1 day ago - ₹21,691","Today - ₹21,691"
,,,,,,,,,,,,,,,,,,,,,,,,,,,,,,,,,,,,,,,,,,,,,,,,,,,,,,,,,,,,
,,,,,,,,,,,,,,,,,,,,,,,,,,,,,,,,,,,,,,,,,,,,,,,,,,,,,,,,,,,,
"60 days ago - ₹7,390","59 days ago - ₹7,390","58 days ago - ₹7,390","57 days ago - ₹7,390","56 days ago - ₹7,390","55 days ago - ₹7,390","54 days ago - ₹7,390","53 days ago - ₹7,390","52 days ago - ₹7,390","51 days ago - ₹7,390","50 days ago - ₹7,390","49 days ago - ₹7,390","48 days ago - ₹7,932","47 days ago - ₹7,932","46 days ago - ₹7,390","45 days ago - ₹7,932","44 days ago - ₹7,932","43 days ago - ₹7,932","42 days ago - ₹7,932","41 days ago - ₹7,932","40 days ago - ₹7,932","39 days ago - ₹7,932","38 days ago - ₹8,657","37 days ago - ₹8,657","36 days ago - ₹8,657","35 days ago - ₹8,657","34 days ago - ₹8,657","33 days ago - ₹8,657","32 days ago - ₹8,657","31 days ago - ₹8,657","30 days ago - ₹8,657","29 days ago - ₹8,657","28 days ago - ₹8,657","27 days ago - ₹8,657","26 days ago - ₹8,657","25 days ago - ₹8,657","24 days ago - ₹8,657","23 days ago - ₹8,657","22 days ago - ₹9,380","21 days ago - ₹9,380","20 days ago - ₹9,380","19 days ago - ₹9,380","18 days ago - ₹9,380","17 days ago - ₹9,380","16 days ago - ₹9,380","15 days ago - ₹9,380","14 days ago - ₹9,380","13 days ago - ₹9,380","12 days ago - ₹9,380","11 days ago - ₹9,380","10 days ago - ₹9,380","9 days ago - ₹10,285","8 days ago - ₹10,285","7 days ago - ₹10,285","6 days ago - ₹10,285","5 days ago - ₹10,285","4 days ago - ₹10,285","3 days ago - ₹10,285","2 days ago - ₹10,285","1 day ago - ₹12,640","Today - ₹12,640"
,,,,,,,,,,,,,,,,,,,,,,,,,,,,,,,,,,,,,,,,,,,,,,,,,,,,,,,,,,,,
"60 days ago - ₹5,941","59 days ago - ₹5,941","58 days ago - ₹5,941","57 days ago - ₹6,122","56 days ago - ₹6,122","55 days ago - ₹6,122","54 days ago - ₹6,484","53 days ago - ₹6,484","52 days ago - ₹6,484","51 days ago - ₹6,484","50 days ago - ₹6,484","49 days ago - ₹6,484","48 days ago - ₹6,484","47 days ago - ₹6,484","46 days ago - ₹6,484","45 days ago - ₹6,484","44 days ago - ₹6,484","43 days ago - ₹6,484","42 days ago - ₹6,846","41 days ago - ₹6,846","40 days ago - ₹6,846","39 days ago - ₹6,846","38 days ago - ₹7,390","37 days ago - ₹6,846","36 days ago - ₹6,846","35 days ago - ₹7,390","34 days ago - ₹7,390","33 days ago - ₹7,390","32 days ago - ₹7,932","31 days ago - ₹7,932","30 days ago - ₹7,932","29 days ago - ₹8,657","28 days ago - ₹8,657","27 days ago - ₹8,657","26 days ago - ₹8,657","25 days ago - ₹8,657","24 days ago - ₹8,657","23 days ago - ₹8,657","22 days ago - ₹8,657","21 days ago - ₹8,657","20 days ago - ₹8,657","19 days ago - ₹8,657","18 days ago - ₹8,657","17 days ago - ₹8,657","16 days ago - ₹8,657","15 days ago - ₹8,657","14 days ago - ₹8,657","13 days ago - ₹8,657","12 days ago - ₹8,657","11 days ago - ₹8,657","10 days ago - ₹8,657","9 days ago - ₹8,657","8 days ago - ₹8,657","7 days ago - ₹8,657","6 days ago - ₹8,657","5 days ago - ₹8,657","4 days ago - ₹8,657","3 days ago - ₹8,657","2 days ago - ₹8,657","1 day ago - ₹8,657","Today - ₹9,380"
,,,,,,,,,,,,,,,,,,,,,,,,,,,,,,,,,,,,,,,,,,,,,,,,,,,,,,,,,,,,
"60 days ago - ₹6,122","59 days ago - ₹6,122","58 days ago - ₹6,122","57 days ago - ₹6,122","56 days ago - ₹6,122","55 days ago - ₹6,484","54 days ago - ₹6,484","53 days ago - ₹6,484","52 days ago - ₹6,484","51 days ago - ₹6,484","50 days ago - ₹6,484","49 days ago - ₹6,846","48 days ago - ₹6,846","47 days ago - ₹6,846","46 days ago - ₹6,846","45 days ago - ₹6,846","44 days ago - ₹6,846","43 days ago - ₹6,846","42 days ago - ₹6,846","41 days ago - ₹7,390","40 days ago - ₹7,390","39 days ago - ₹7,390","38 days ago - ₹7,390","37 days ago - ₹7,390","36 days ago - ₹7,390","35 days ago - ₹7,390","34 days ago - ₹7,390","33 days ago - ₹7,932","32 days ago - ₹7,932","31 days ago - ₹7,932","30 days ago - ₹7,932","29 days ago - ₹7,932","28 days ago - ₹7,932","27 days ago - ₹7,932","26 days ago - ₹7,932","25 days ago - ₹7,932","24 days ago - ₹7,932","23 days ago - ₹7,932","22 days ago - ₹8,657","21 days ago - ₹8,657","20 days ago - ₹8,657","19 days ago - ₹8,657","18 days ago - ₹8,657","17 days ago - ₹8,657","16 days ago - ₹8,657","15 days ago - ₹8,657","14 days ago - ₹8,657","13 days ago - ₹9,380","12 days ago - ₹9,380","11 days ago - ₹9,380","10 days ago - ₹9,380","9 days ago - ₹9,380","8 days ago - ₹9,380","7 days ago - ₹9,380","6 days ago - ₹9,380","5 days ago - ₹9,380","4 days ago - ₹10,285","3 days ago - ₹10,285","2 days ago - ₹10,285","1 day ago - ₹12,640","Today - ₹12,640"
,,,,,,,,,,,,,,,,,,,,,,,,,,,,,,,,,,,,,,,,,,,,,,,,,,,,,,,,,,,,
,,,,,,,,,,,,,,,,,,,,,,,,,,,,,,,,,,,,,,,,,,,,,,,,,,,,,,,,,,,,
"60 days ago - ₹5,760","59 days ago - ₹5,760","58 days ago - ₹5,760","57 days ago - ₹5,760","56 days ago - ₹5,760","55 days ago - ₹5,760","54 days ago - ₹5,760","53 days ago - ₹5,760","52 days ago - ₹5,760","51 days ago - ₹5,760","50 days ago - ₹5,760","49 days ago - ₹5,760","48 days ago - ₹5,760","47 days ago - ₹5,760","46 days ago - ₹5,760","45 days ago - ₹5,760","44 days ago - ₹5,760","43 days ago - ₹5,760","42 days ago - ₹5,760","41 days ago - ₹5,941","40 days ago - ₹5,941","39 days ago - ₹5,941","38 days ago - ₹5,941","37 days ago - ₹5,941","36 days ago - ₹5,941","35 days ago - ₹5,941","34 days ago - ₹6,122","33 days ago - ₹6,122","32 days ago - ₹6,122","31 days ago - ₹6,122","30 days ago - ₹6,122","29 days ago - ₹6,122","28 days ago - ₹6,122","27 days ago - ₹6,484","26 days ago - ₹6,484","25 days ago - ₹6,484","24 days ago - ₹6,484","23 days ago - ₹6,484","22 days ago - ₹6,484","21 days ago - ₹6,484","20 days ago - ₹6,484","19 days ago - ₹6,846","18 days ago - ₹6,846","17 days ago - ₹6,846","16 days ago - ₹6,846","15 days ago - ₹6,846","14 days ago - ₹6,846","13 days ago - ₹6,846","12 days ago - ₹6,846","11 days ago - ₹7,390","10 days ago - ₹7,390","9 days ago - ₹7,390","8 days ago - ₹8,657","7 days ago - ₹8,657","6 days ago - ₹8,657","5 days ago - ₹8,657","4 days ago - ₹8,657","3 days ago - ₹8,657","2 days ago - ₹8,657","1 day ago - ₹10,285","Today - ₹10,285"
,,,,,,,,,,,,,,,,,,,,,,,,,,,,,,,,,,,,,,,,,,,,,,,,,,,,,,,,,,,,
"60 days ago - ₹5,760","59 days ago - ₹5,760","58 days ago - ₹5,760","57 days ago - ₹5,760","56 days ago - ₹5,760","55 days ago - ₹5,760","54 days ago - ₹5,760","53 days ago - ₹5,760","52 days ago - ₹5,760","51 days ago - ₹5,760","50 days ago - ₹5,760","49 days ago - ₹5,760","48 days ago - ₹5,760","47 days ago - ₹5,760","46 days ago - ₹5,760","45 days ago - ₹5,760","44 days ago - ₹5,760","43 days ago - ₹5,760","42 days ago - ₹5,760","41 days ago - ₹5,760","40 days ago - ₹5,760","39 days ago - ₹5,760","38 days ago - ₹5,760","37 days ago - ₹5,760","36 days ago - ₹5,760","35 days ago - ₹5,760","34 days ago - ₹5,760","33 days ago - ₹5,760","32 days ago - ₹5,760","31 days ago - ₹5,760","30 days ago - ₹5,760","29 days ago - ₹5,514","28 days ago - ₹5,514","27 days ago - ₹5,714","26 days ago - ₹5,714","25 days ago - ₹5,714","24 days ago - ₹5,941","23 days ago - ₹5,941","22 days ago - ₹5,941","21 days ago - ₹5,941","20 days ago - ₹5,941","19 days ago - ₹5,941","18 days ago - ₹5,941","17 days ago - ₹6,122","16 days ago - ₹6,122","15 days ago - ₹6,122","14 days ago - ₹6,122","13 days ago - ₹6,122","12 days ago - ₹6,484","11 days ago - ₹6,484","10 days ago - ₹6,484","9 days ago - ₹6,484","8 days ago - ₹6,484","7 days ago - ₹6,484","6 days ago - ₹6,484","5 days ago - ₹6,484","4 days ago - ₹6,484","3 days ago - ₹6,484","2 days ago - ₹6,484","1 day ago - ₹6,846","Today - ₹7,390"
,,,,,,,,,,,,,,,,,,,,,,,,,,,,,,,,,,,,,,,,,,,,,,,,,,,,,,,,,,,,
"60 days ago - ₹5,760","59 days ago - ₹5,760","58 days ago - ₹5,760","57 days ago - ₹5,760","56 days ago - ₹5,760","55 days ago - ₹5,760","54 days ago - ₹5,760","53 days ago - ₹5,760","52 days ago - ₹5,760","51 days ago - ₹5,941","50 days ago - ₹5,941","49 days ago - ₹5,941","48 days ago - ₹5,941","47 days ago - ₹5,941","46 days ago - ₹5,941","45 days ago - ₹5,941","44 days ago - ₹5,941","43 days ago - ₹5,941","42 days ago - ₹5,941","41 days ago - ₹5,941","40 days ago - ₹6,122","39 days ago - ₹6,122","38 days ago - ₹6,122","37 days ago - ₹6,122","36 days ago - ₹6,122","35 days ago - ₹6,122","34 days ago - ₹6,484","33 days ago - ₹6,484","32 days ago - ₹6,484","31 days ago - ₹6,484","30 days ago - ₹6,484","29 days ago - ₹6,484","28 days ago - ₹6,484","27 days ago - ₹6,484","26 days ago - ₹6,484","25 days ago - ₹6,484","24 days ago - ₹6,484","23 days ago - ₹6,846","22 days ago - ₹6,846","21 days ago - ₹6,846","20 days ago - ₹6,846","19 days ago - ₹6,846","18 days ago - ₹7,390","17 days ago - ₹7,390","16 days ago - ₹7,390","15 days ago - ₹7,390","14 days ago - ₹7,390","13 days ago - ₹7,390","12 days ago - ₹7,390","11 days ago - ₹7,390","10 days ago - ₹7,390","9 days ago - ₹7,390","8 days ago - ₹7,390","7 days ago - ₹7,390","6 days ago - ₹7,390","5 days ago - ₹7,390","4 days ago - ₹7,390","3 days ago - ₹7,390","2 days ago - ₹7,390","1 day ago - ₹7,932","Today - ₹8,657"
,,,,,,,,,,,,,,,,,,,,,,,,,,,,,,,,,,,,,,,,,,,,,,,,,,,,,,,,,,,,
,,,,,,,,,,,,,,,,,,,,,,,,,,,,,,,,,,,,,,,,,,,,,,,,,,,,,,,,,,,,
"60 days ago - ₹5,760","59 days ago - ₹5,760","58 days ago - ₹5,760","57 days ago - ₹5,760","56 days ago - ₹5,760","55 days ago - ₹5,760","54 days ago - ₹5,760","53 days ago - ₹5,760","52 days ago - ₹5,760","51 days ago - ₹5,760","50 days ago - ₹5,760","49 days ago - ₹5,760","48 days ago - ₹5,760","47 days ago - ₹5,760","46 days ago - ₹5,760","45 days ago - ₹5,760","44 days ago - ₹5,760","43 days ago - ₹5,760","42 days ago - ₹5,760","41 days ago - ₹5,760","40 days ago - ₹5,760","39 days ago - ₹5,760","38 days ago - ₹5,760","37 days ago - ₹5,760","36 days ago - ₹5,760","35 days ago - ₹5,760","34 days ago - ₹5,941","33 days ago - ₹5,941","32 days ago - ₹6,122","31 days ago - ₹6,122","30 days ago - ₹6,122","29 days ago - ₹6,122","28 days ago - ₹6,122","27 days ago - ₹6,122","26 days ago - ₹6,122","25 days ago - ₹6,122","24 days ago - ₹6,122","23 days ago - ₹6,122","22 days ago - ₹6,484","21 days ago - ₹6,484","20 days ago - ₹6,484","19 days ago - ₹6,484","18 days ago - ₹6,484","17 days ago - ₹6,484","16 days ago - ₹6,484","15 days ago - ₹6,484","14 days ago - ₹6,484","13 days ago - ₹6,484","12 days ago - ₹6,484","11 days ago - ₹6,484","10 days ago - ₹6,484","9 days ago - ₹6,846","8 days ago - ₹6,846","7 days ago - ₹6,846","6 days ago - ₹6,846","5 days ago - ₹6,846","4 days ago - ₹6,846","3 days ago - ₹6,846","2 days ago - ₹7,390","1 day ago - ₹7,932","Today - ₹7,932"
,,,,,,,,,,,,,,,,,,,,,,,,,,,,,,,,,,,,,,,,,,,,,,,,,,,,,,,,,,,,
"60 days ago - ₹5,760","59 days ago - ₹5,760","58 days ago - ₹5,760","57 days ago - ₹5,760","56 days ago - ₹5,760","55 days ago - ₹5,760","54 days ago - ₹5,760","53 days ago - ₹5,760","52 days ago - ₹5,760","51 days ago - ₹5,760","50 days ago - ₹5,760","49 days ago - ₹5,760","48 days ago - ₹5,760","47 days ago - ₹5,760","46 days ago - ₹5,760","45 days ago - ₹5,760","44 days ago - ₹5,760","43 days ago - ₹5,760","42 days ago - ₹5,760","41 days ago - ₹5,760","40 days ago - ₹5,760","39 days ago - ₹5,760","38 days ago - ₹5,760","37 days ago - ₹5,760","36 days ago - ₹5,760","35 days ago - ₹5,760","34 days ago - ₹5,760","33 days ago - ₹5,760","32 days ago - ₹5,760","31 days ago - ₹5,760","30 days ago - ₹5,760","29 days ago - ₹5,514","28 days ago - ₹5,714","27 days ago - ₹5,714","26 days ago - ₹5,714","25 days ago - ₹5,714","24 days ago - ₹5,760","23 days ago - ₹5,760","22 days ago - ₹5,760","21 days ago - ₹5,941","20 days ago - ₹5,941","19 days ago - ₹5,941","18 days ago - ₹6,122","17 days ago - ₹6,122","16 days ago - ₹6,122","15 days ago - ₹6,122","14 days ago - ₹6,122","13 days ago - ₹6,122","12 days ago - ₹6,484","11 days ago - ₹6,484","10 days ago - ₹6,484","9 days ago - ₹6,484","8 days ago - ₹6,484","7 days ago - ₹6,484","6 days ago - ₹6,484","5 days ago - ₹6,484","4 days ago - ₹6,484","3 days ago - ₹6,484","2 days ago - ₹6,484","1 day ago - ₹6,846","Today - ₹6,846"
,,,,,,,,,,,,,,,,,,,,,,,,,,,,,,,,,,,,,,,,,,,,,,,,,,,,,,,,,,,,
"60 days ago - ₹5,760","59 days ago - ₹5,760","58 days ago - ₹5,760","57 days ago - ₹5,760","56 days ago - ₹5,760","55 days ago - ₹5,760","54 days ago - ₹5,760","53 days ago - ₹5,760","52 days ago - ₹5,760","51 days ago - ₹5,941","50 days ago - ₹5,941","49 days ago - ₹6,122","48 days ago - ₹6,122","47 days ago - ₹6,484","46 days ago - ₹6,484","45 days ago - ₹6,484","44 days ago - ₹6,484","43 days ago - ₹6,484","42 days ago - ₹6,484","41 days ago - ₹6,484","40 days ago - ₹6,846","39 days ago - ₹6,846","38 days ago - ₹6,846","37 days ago - ₹6,846","36 days ago - ₹6,846","35 days ago - ₹6,846","34 days ago - ₹6,846","33 days ago - ₹6,846","32 days ago - ₹6,846","31 days ago - ₹6,846","30 days ago - ₹6,846","29 days ago - ₹6,846","28 days ago - ₹6,846","27 days ago - ₹6,846","26 days ago - ₹6,846","25 days ago - ₹6,846","24 days ago - ₹7,390","23 days ago - ₹7,390","22 days ago - ₹7,390","21 days ago - ₹7,390","20 days ago - ₹7,390","19 days ago - ₹7,390","18 days ago - ₹7,390","17 days ago - ₹7,390","16 days ago - ₹7,390","15 days ago - ₹7,390","14 days ago - ₹7,390","13 days ago - ₹7,390","12 days ago - ₹7,390","11 days ago - ₹7,390","10 days ago - ₹7,390","9 days ago - ₹7,390","8 days ago - ₹7,390","7 days ago - ₹7,390","6 days ago - ₹7,390","5 days ago - ₹7,932","4 days ago - ₹7,932","3 days ago - ₹7,932","2 days ago - ₹7,932","1 day ago - ₹8,657","Today - ₹8,657"
,,,,,,,,,,,,,,,,,,,,,,,,,,,,,,,,,,,,,,,,,,,,,,,,,,,,,,,,,,,,
,,,,,,,,,,,,,,,,,,,,,,,,,,,,,,,,,,,,,,,,,,,,,,,,,,,,,,,,,,,,
"60 days ago - ₹5,760","59 days ago - ₹5,760","58 days ago - ₹5,760","57 days ago - ₹5,760","56 days ago - ₹5,760","55 days ago - ₹5,760","54 days ago - ₹5,760","53 days ago - ₹5,760","52 days ago - ₹5,760","51 days ago - ₹5,760","50 days ago - ₹5,760","49 days ago - ₹5,760","48 days ago - ₹5,760","47 days ago - ₹5,760","46 days ago - ₹5,760","45 days ago - ₹5,760","44 days ago - ₹5,941","43 days ago - ₹5,941","42 days ago - ₹5,941","41 days ago - ₹5,941","40 days ago - ₹5,941","39 days ago - ₹5,941","38 days ago - ₹5,941","37 days ago - ₹5,941","36 days ago - ₹5,941","35 days ago - ₹5,941","34 days ago - ₹5,941","33 days ago - ₹6,122","32 days ago - ₹6,122","31 days ago - ₹6,122","30 days ago - ₹6,484","29 days ago - ₹6,484","28 days ago - ₹6,484","27 days ago - ₹6,484","26 days ago - ₹6,484","25 days ago - ₹6,484","24 days ago - ₹6,484","23 days ago - ₹6,484","22 days ago - ₹6,484","21 days ago - ₹6,484","20 days ago - ₹6,484","19 days ago - ₹6,484","18 days ago - ₹6,484","17 days ago - ₹6,484","16 days ago - ₹6,484","15 days ago - ₹6,484","14 days ago - ₹6,484","13 days ago - ₹6,484","12 days ago - ₹6,484","11 days ago - ₹6,484","10 days ago - ₹6,846","9 days ago - ₹6,846","8 days ago - ₹6,846","7 days ago - ₹6,846","6 days ago - ₹6,846","5 days ago - ₹6,846","4 days ago - ₹6,846","3 days ago - ₹7,390","2 days ago - ₹7,390","1 day ago - ₹7,390","Today - ₹7,390"
,,,,,,,,,,,,,,,,,,,,,,,,,,,,,,,,,,,,,,,,,,,,,,,,,,,,,,,,,,,,
"60 days ago - ₹5,760","59 days ago - ₹5,760","58 days ago - ₹5,760","57 days ago - ₹5,760","56 days ago - ₹5,760","55 days ago - ₹5,760","54 days ago - ₹5,760","53 days ago - ₹5,760","52 days ago - ₹5,760","51 days ago - ₹5,760","50 days ago - ₹5,760","49 days ago - ₹5,760","48 days ago - ₹5,760","47 days ago - ₹5,760","46 days ago - ₹5,760","45 days ago - ₹5,760","44 days ago - ₹5,760","43 days ago - ₹5,760","42 days ago - ₹5,760","41 days ago - ₹5,760","40 days ago - ₹5,760","39 days ago - ₹5,760","38 days ago - ₹5,760","37 days ago - ₹5,760","36 days ago - ₹5,760","35 days ago - ₹5,760","34 days ago - ₹5,760","33 days ago - ₹5,760","32 days ago - ₹5,760","31 days ago - ₹5,760","30 days ago - ₹5,760","29 days ago - ₹5,760","28 days ago - ₹5,760","27 days ago - ₹5,760","26 days ago - ₹5,760","25 days ago - ₹5,941","24 days ago - ₹5,941","23 days ago - ₹5,941","22 days ago - ₹5,941","21 days ago - ₹5,941","20 days ago - ₹5,941","19 days ago - ₹5,941","18 days ago - ₹5,941","17 days ago - ₹5,941","16 days ago - ₹5,941","15 days ago - ₹5,941","14 days ago - ₹5,941","13 days ago - ₹5,941","12 days ago - ₹5,941","11 days ago - ₹5,941","10 days ago - ₹6,122","9 days ago - ₹6,122","8 days ago - ₹6,122","7 days ago - ₹6,484","6 days ago - ₹6,484","5 days ago - ₹6,484","4 days ago - ₹6,484","3 days ago - ₹6,484","2 days ago - ₹6,484","1 day ago - ₹6,484","Today - ₹6,484"
,,,,,,,,,,,,,,,,,,,,,,,,,,,,,,,,,,,,,,,,,,,,,,,,,,,,,,,,,,,,
"60 days ago - ₹5,760","59 days ago - ₹5,760","58 days ago - ₹5,760","57 days ago - ₹5,760","56 days ago - ₹5,760","55 days ago - ₹5,760","54 days ago - ₹5,760","53 days ago - ₹5,760","52 days ago - ₹5,760","51 days ago - ₹5,760","50 days ago - ₹5,760","49 days ago - ₹5,760","48 days ago - ₹5,760","47 days ago - ₹5,760","46 days ago - ₹5,760","45 days ago - ₹5,760","44 days ago - ₹5,760","43 days ago - ₹5,760","42 days ago - ₹5,760","41 days ago - ₹5,760","40 days ago - ₹5,760","39 days ago - ₹5,760","38 days ago - ₹5,760","37 days ago - ₹5,941","36 days ago - ₹5,941","35 days ago - ₹5,941","34 days ago - ₹5,941","33 days ago - ₹5,941","32 days ago - ₹5,941","31 days ago - ₹5,941","30 days ago - ₹5,941","29 days ago - ₹5,941","28 days ago - ₹5,941","27 days ago - ₹5,941","26 days ago - ₹5,941","25 days ago - ₹5,941","24 days ago - ₹5,941","23 days ago - ₹5,941","22 days ago - ₹6,122","21 days ago - ₹6,122","20 days ago - ₹6,122","19 days ago - ₹6,122","18 days ago - ₹6,122","17 days ago - ₹6,122","16 days ago - ₹6,122","15 days ago - ₹6,122","14 days ago - ₹6,122","13 days ago - ₹6,122","12 days ago - ₹6,122","11 days ago - ₹6,484","10 days ago - ₹6,484","9 days ago - ₹6,484","8 days ago - ₹6,484","7 days ago - ₹6,484","6 days ago - ₹6,484","5 days ago - ₹6,846","4 days ago - ₹6,846","3 days ago - ₹6,846","2 days ago - ₹6,846","1 day ago - ₹6,846","Today - ₹6,846"
,,,,,,,,,,,,,,,,,,,,,,,,,,,,,,,,,,,,,,,,,,,,,,,,,,,,,,,,,,,,
,,,,,,,,,,,,,,,,,,,,,,,,,,,,,,,,,,,,,,,,,,,,,,,,,,,,,,,,,,,,
"60 days ago - ₹5,760","59 days ago - ₹5,760","58 days ago - ₹5,760","57 days ago - ₹5,760","56 days ago - ₹5,760","55 days ago - ₹5,760","54 days ago - ₹5,760","53 days ago - ₹5,760","52 days ago - ₹5,760","51 days ago - ₹5,760","50 days ago - ₹5,760","49 days ago - ₹5,760","48 days ago - ₹5,760","47 days ago - ₹5,760","46 days ago - ₹5,760","45 days ago - ₹5,760","44 days ago - ₹5,760","43 days ago - ₹5,760","42 days ago - ₹5,760","41 days ago - ₹5,760","40 days ago - ₹5,760","39 days ago - ₹5,760","38 days ago - ₹5,760","37 days ago - ₹5,760","36 days ago - ₹5,760","35 days ago - ₹5,760","34 days ago - ₹5,760","33 days ago - ₹5,760","32 days ago - ₹5,760","31 days ago - ₹5,760","30 days ago - ₹5,760","29 days ago - ₹5,760","28 days ago - ₹5,760","27 days ago - ₹5,760","26 days ago - ₹5,760","25 days ago - ₹5,760","24 days ago - ₹5,760","23 days ago - ₹5,760","22 days ago - ₹5,760","21 days ago - ₹5,760","20 days ago - ₹5,760","19 days ago - ₹5,760","18 days ago - ₹5,760","17 days ago - ₹5,760","16 days ago - ₹5,760","15 days ago - ₹5,760","14 days ago - ₹5,760","13 days ago - ₹5,760","12 days ago - ₹5,760","11 days ago - ₹5,760","10 days ago - ₹5,760","9 days ago - ₹5,760","8 days ago - ₹5,760","7 days ago - ₹5,760","6 days ago - ₹5,760","5 days ago - ₹5,760","4 days ago - ₹5,760","3 days ago - ₹5,760","2 days ago - ₹5,760","1 day ago - ₹5,941","Today - ₹5,941"
,,,,,,,,,,,,,,,,,,,,,,,,,,,,,,,,,,,,,,,,,,,,,,,,,,,,,,,,,,,,
"60 days ago - ₹5,760","59 days ago - ₹5,760","58 days ago - ₹5,760","57 days ago - ₹5,760","56 days ago - ₹5,760","55 days ago - ₹5,760","54 days ago - ₹5,760","53 days ago - ₹5,760","52 days ago - ₹5,760","51 days ago - ₹5,760","50 days ago - ₹5,760","49 days ago - ₹5,760","48 days ago - ₹5,760","47 days ago - ₹5,760","46 days ago - ₹5,760","45 days ago - ₹5,760","44 days ago - ₹5,760","43 days ago - ₹5,760","42 days ago - ₹5,760","41 days ago - ₹5,760","40 days ago - ₹5,760","39 days ago - ₹5,760","38 days ago - ₹5,760","37 days ago - ₹5,760","36 days ago - ₹5,760","35 days ago - ₹5,760","34 days ago - ₹5,760","33 days ago - ₹5,760","32 days ago - ₹5,760","31 days ago - ₹5,760","30 days ago - ₹5,760","29 days ago - ₹5,760","28 days ago - ₹5,760","27 days ago - ₹5,760","26 days ago - ₹5,760","25 days ago - ₹5,760","24 days ago - ₹5,760","23 days ago - ₹5,760","22 days ago - ₹5,760","21 days ago - ₹5,760","20 days ago - ₹5,760","19 days ago - ₹5,760","18 days ago - ₹5,760","17 days ago - ₹5,760","16 days ago - ₹5,760","15 days ago - ₹5,760","14 days ago - ₹5,760","13 days ago - ₹5,760","12 days ago - ₹5,760","11 days ago - ₹5,760","10 days ago - ₹5,760","9 days ago - ₹5,760","8 days ago - ₹5,760","7 days ago - ₹5,760","6 days ago - ₹5,760","5 days ago - ₹5,760","4 days ago - ₹5,760","3 days ago - ₹5,941","2 days ago - ₹5,941","1 day ago - ₹5,941","Today - ₹5,941"
,,,,,,,,,,,,,,,,,,,,,,,,,,,,,,,,,,,,,,,,,,,,,,,,,,,,,,,,,,,,
"60 days ago - ₹5,760","59 days ago - ₹5,760","58 days ago - ₹5,760","57 days ago - ₹5,760","56 days ago - ₹5,760","55 days ago - ₹5,760","54 days ago - ₹5,760","53 days ago - ₹5,760","52 days ago - ₹5,760","51 days ago - ₹5,760","50 days ago - ₹5,760","49 days ago - ₹5,760","48 days ago - ₹5,760","47 days ago - ₹5,760","46 days ago - ₹5,760","45 days ago - ₹5,760","44 days ago - ₹5,760","43 days ago - ₹5,760","42 days ago - ₹5,760","41 days ago - ₹5,760","40 days ago - ₹5,760","39 days ago - ₹5,760","38 days ago - ₹5,760","37 days ago - ₹5,760","36 days ago - ₹5,760","35 days ago - ₹5,760","34 days ago - ₹5,760","33 days ago - ₹5,760","32 days ago - ₹5,760","31 days ago - ₹5,760","30 days ago - ₹5,760","29 days ago - ₹5,760","28 days ago - ₹5,760","27 days ago - ₹5,760","26 days ago - ₹5,941","25 days ago - ₹5,941","24 days ago - ₹5,941","23 days ago - ₹5,941","22 days ago - ₹5,941","21 days ago - ₹5,941","20 days ago - ₹5,941","19 days ago - ₹5,941","18 days ago - ₹5,941","17 days ago - ₹5,941","16 days ago - ₹5,941","15 days ago - ₹5,941","14 days ago - ₹5,941","13 days ago - ₹5,941","12 days ago - ₹5,941","11 days ago - ₹5,941","10 days ago - ₹5,941","9 days ago - ₹5,941","8 days ago - ₹5,941","7 days ago - ₹5,941","6 days ago - ₹5,941","5 days ago - ₹6,122","4 days ago - ₹6,122","3 days ago - ₹6,122","2 days ago - ₹6,122","1 day ago - ₹6,122","Today - ₹6,484"
,,,,,,,,,,,,,,,,,,,,,,,,,,,,,,,,,,,,,,,,,,,,,,,,,,,,,,,,,,,,
,,,,,,,,,,,,,,,,,,,,,,,,,,,,,,,,,,,,,,,,,,,,,,,,,,,,,,,,,,,,
"60 days ago - ₹5,760","59 days ago - ₹5,760","58 days ago - ₹5,760","57 days ago - ₹5,760","56 days ago - ₹5,760","55 days ago - ₹5,760","54 days ago - ₹5,760","53 days ago - ₹5,760","52 days ago - ₹5,760","51 days ago - ₹5,760","50 days ago - ₹5,760","49 days ago - ₹5,760","48 days ago - ₹5,760","47 days ago - ₹5,760","46 days ago - ₹5,760","45 days ago - ₹5,760","44 days ago - ₹5,760","43 days ago - ₹5,760","42 days ago - ₹5,760","41 days ago - ₹5,760","40 days ago - ₹5,760","39 days ago - ₹5,760","38 days ago - ₹5,760","37 days ago - ₹5,760","36 days ago - ₹5,760","35 days ago - ₹5,760","34 days ago - ₹5,760","33 days ago - ₹5,760","32 days ago - ₹5,760","31 days ago - ₹5,760","30 days ago - ₹5,760","29 days ago - ₹5,760","28 days ago - ₹5,760","27 days ago - ₹5,760","26 days ago - ₹5,760","25 days ago - ₹5,760","24 days ago - ₹5,760","23 days ago - ₹5,760","22 days ago - ₹5,760","21 days ago - ₹5,760","20 days ago - ₹5,760","19 days ago - ₹5,760","18 days ago - ₹5,760","17 days ago - ₹5,760","16 days ago - ₹5,760","15 days ago - ₹5,760","14 days ago - ₹5,760","13 days ago - ₹5,760","12 days ago - ₹5,941","11 days ago - ₹5,941","10 days ago - ₹5,941","9 days ago - ₹5,941","8 days ago - ₹5,941","7 days ago - ₹5,941","6 days ago - ₹5,941","5 days ago - ₹6,122","4 days ago - ₹6,122","3 days ago - ₹6,122","2 days ago - ₹6,122","1 day ago - ₹6,122","Today - ₹6,122"
,,,,,,,,,,,,,,,,,,,,,,,,,,,,,,,,,,,,,,,,,,,,,,,,,,,,,,,,,,,,
"60 days ago - ₹5,760","59 days ago - ₹5,760","58 days ago - ₹5,760","57 days ago - ₹5,760","56 days ago - ₹5,760","55 days ago - ₹5,760","54 days ago - ₹5,760","53 days ago - ₹5,760","52 days ago - ₹5,760","51 days ago - ₹5,760","50 days ago - ₹5,760","49 days ago - ₹5,760","48 days ago - ₹5,760","47 days ago - ₹5,760","46 days ago - ₹5,760","45 days ago - ₹5,760","44 days ago - ₹5,760","43 days ago - ₹5,760","42 days ago - ₹5,760","41 days ago - ₹5,760","40 days ago - ₹5,760","39 days ago - ₹5,760","38 days ago - ₹5,760","37 days ago - ₹5,760","36 days ago - ₹5,760","35 days ago - ₹5,760","34 days ago - ₹5,760","33 days ago - ₹5,760","32 days ago - ₹5,760","31 days ago - ₹5,760","30 days ago - ₹5,760","29 days ago - ₹5,760","28 days ago - ₹5,760","27 days ago - ₹5,760","26 days ago - ₹5,760","25 days ago - ₹5,760","24 days ago - ₹5,760","23 days ago - ₹5,760","22 days ago - ₹5,760","21 days ago - ₹5,760","20 days ago - ₹5,760","19 days ago - ₹5,760","18 days ago - ₹5,760","17 days ago - ₹5,760","16 days ago - ₹5,760","15 days ago - ₹5,760","14 days ago - ₹5,760","13 days ago - ₹5,760","12 days ago - ₹5,760","11 days ago - ₹5,760","10 days ago - ₹5,760","9 days ago - ₹5,760","8 days ago - ₹5,760","7 days ago - ₹5,760","6 days ago - ₹5,760","5 days ago - ₹5,760","4 days ago - ₹5,941","3 days ago - ₹5,941","2 days ago - ₹5,941","1 day ago - ₹5,941","Today - ₹5,941"
,,,,,,,,,,,,,,,,,,,,,,,,,,,,,,,,,,,,,,,,,,,,,,,,,,,,,,,,,,,,
"60 days ago - ₹5,760","59 days ago - ₹5,760","58 days ago - ₹5,760","57 days ago - ₹5,760","56 days ago - ₹5,760","55 days ago - ₹5,760","54 days ago - ₹5,760","53 days ago - ₹5,760","52 days ago - ₹5,760","51 days ago - ₹5,760","50 days ago - ₹5,760","49 days ago - ₹5,760","48 days ago - ₹5,941","47 days ago - ₹5,941","46 days ago - ₹5,941","45 days ago - ₹5,941","44 days ago - ₹5,941","43 days ago - ₹5,941","42 days ago - ₹5,941","41 days ago - ₹5,941","40 days ago - ₹5,941","39 days ago - ₹5,941","38 days ago - ₹5,941","37 days ago - ₹5,941","36 days ago - ₹6,122","35 days ago - ₹6,122","34 days ago - ₹6,122","33 days ago - ₹6,122","32 days ago - ₹6,484","31 days ago - ₹6,484","30 days ago - ₹6,484","29 days ago - ₹6,484","28 days ago - ₹6,484","27 days ago - ₹6,484","26 days ago - ₹6,484","25 days ago - ₹6,484","24 days ago - ₹6,484","23 days ago - ₹6,484","22 days ago - ₹6,484","21 days ago - ₹6,484","20 days ago - ₹6,484","19 days ago - ₹6,484","18 days ago - ₹6,484","17 days ago - ₹6,484","16 days ago - ₹6,484","15 days ago - ₹6,484","14 days ago - ₹6,484","13 days ago - ₹6,484","12 days ago - ₹6,484","11 days ago - ₹6,484","10 days ago - ₹7,390","9 days ago - ₹7,390","8 days ago - ₹7,390","7 days ago - ₹7,390","6 days ago - ₹7,390","5 days ago - ₹7,390","4 days ago - ₹7,390","3 days ago - ₹7,390","2 days ago - ₹7,390","1 day ago - ₹7,390","Today - ₹7,390"
,,,,,,,,,,,,,,,,,,,,,,,,,,,,,,,,,,,,,,,,,,,,,,,,,,,,,,,,,,,,
,,,,,,,,,,,,,,,,,,,,,,,,,,,,,,,,,,,,,,,,,,,,,,,,,,,,,,,,,,,,
"60 days ago - ₹5,760","59 days ago - ₹5,760","58 days ago - ₹5,760","57 days ago - ₹5,760","56 days ago - ₹5,760","55 days ago - ₹5,760","54 days ago - ₹5,760","53 days ago - ₹5,760","52 days ago - ₹5,760","51 days ago - ₹5,760","50 days ago - ₹5,760","49 days ago - ₹5,760","48 days ago - ₹5,760","47 days ago - ₹5,760","46 days ago - ₹5,760","45 days ago - ₹5,760","44 days ago - ₹5,760","43 days ago - ₹5,760","42 days ago - ₹5,760","41 days ago - ₹5,760","40 days ago - ₹5,760","39 days ago - ₹5,760","38 days ago - ₹5,760","37 days ago - ₹5,760","36 days ago - ₹5,760","35 days ago - ₹5,760","34 days ago - ₹5,760","33 days ago - ₹5,760","32 days ago - ₹5,760","31 days ago - ₹5,760","30 days ago - ₹5,760","29 days ago - ₹5,760","28 days ago - ₹5,760","27 days ago - ₹5,760","26 days ago - ₹5,760","25 days ago - ₹5,760","24 days ago - ₹5,760","23 days ago - ₹5,760","22 days ago - ₹5,760","21 days ago - ₹5,760","20 days ago - ₹5,760","19 days ago - ₹5,760","18 days ago - ₹5,760","17 days ago - ₹5,760","16 days ago - ₹5,760","15 days ago - ₹5,760","14 days ago - ₹5,760","13 days ago - ₹5,760","12 days ago - ₹5,760","11 days ago - ₹5,760","10 days ago - ₹5,760","9 days ago - ₹5,760","8 days ago - ₹5,760","7 days ago - ₹5,760","6 days ago - ₹5,760","5 days ago - ₹5,760","4 days ago - ₹5,760","3 days ago - ₹5,760","2 days ago - ₹5,941","1 day ago - ₹5,941","Today - ₹5,941"
,,,,,,,,,,,,,,,,,,,,,,,,,,,,,,,,,,,,,,,,,,,,,,,,,,,,,,,,,,,,
"60 days ago - ₹5,760","59 days ago - ₹5,760","58 days ago - ₹5,760","57 days ago - ₹5,760","56 days ago - ₹5,760","55 days ago - ₹5,760","54 days ago - ₹5,760","53 days ago - ₹5,760","52 days ago - ₹5,760","51 days ago - ₹5,760","50 days ago - ₹5,760","49 days ago - ₹5,760","48 days ago - ₹5,760","47 days ago - ₹5,760","46 days ago - ₹5,760","45 days ago - ₹5,760","44 days ago - ₹5,760","43 days ago - ₹5,760","42 days ago - ₹5,760","41 days ago - ₹5,760","40 days ago - ₹5,760","39 days ago - ₹5,760","38 days ago - ₹5,760","37 days ago - ₹5,760","36 days ago - ₹5,760","35 days ago - ₹5,760","34 days ago - ₹5,760","33 days ago - ₹5,760","32 days ago - ₹5,760","31 days ago - ₹5,760","30 days ago - ₹5,760","29 days ago - ₹5,760","28 days ago - ₹5,760","27 days ago - ₹5,760","26 days ago - ₹5,760","25 days ago - ₹5,760","24 days ago - ₹5,760","23 days ago - ₹5,760","22 days ago - ₹5,760","21 days ago - ₹5,760","20 days ago - ₹5,760","19 days ago - ₹5,760","18 days ago - ₹5,760","17 days ago - ₹5,760","16 days ago - ₹5,760","15 days ago - ₹5,760","14 days ago - ₹5,760","13 days ago - ₹5,760","12 days ago - ₹5,760","11 days ago - ₹5,760","10 days ago - ₹5,760","9 days ago - ₹5,760","8 days ago - ₹5,760","7 days ago - ₹5,760","6 days ago - ₹5,760","5 days ago - ₹5,760","4 days ago - ₹5,760","3 days ago - ₹5,760","2 days ago - ₹5,760","1 day ago - ₹5,760","Today - ₹5,760"
,,,,,,,,,,,,,,,,,,,,,,,,,,,,,,,,,,,,,,,,,,,,,,,,,,,,,,,,,,,,
"60 days ago - ₹5,760","59 days ago - ₹5,760","58 days ago - ₹5,760","57 days ago - ₹5,760","56 days ago - ₹5,760","55 days ago - ₹5,760","54 days ago - ₹5,760","53 days ago - ₹5,760","52 days ago - ₹5,760","51 days ago - ₹5,760","50 days ago - ₹5,760","49 days ago - ₹5,760","48 days ago - ₹5,760","47 days ago - ₹5,760","46 days ago - ₹5,760","45 days ago - ₹5,760","44 days ago - ₹5,760","43 days ago - ₹5,760","42 days ago - ₹5,760","41 days ago - ₹5,760","40 days ago - ₹5,760","39 days ago - ₹5,760","38 days ago - ₹5,760","37 days ago - ₹5,760","36 days ago - ₹5,760","35 days ago - ₹5,760","34 days ago - ₹5,760","33 days ago - ₹5,760","32 days ago - ₹5,760","31 days ago - ₹5,760","30 days ago - ₹5,760","29 days ago - ₹5,760","28 days ago - ₹5,760","27 days ago - ₹5,760","26 days ago - ₹5,760","25 days ago - ₹5,760","24 days ago - ₹5,760","23 days ago - ₹5,760","22 days ago - ₹5,760","21 days ago - ₹5,760","20 days ago - ₹5,760","19 days ago - ₹5,760","18 days ago - ₹5,760","17 days ago - ₹5,760","16 days ago - ₹5,760","15 days ago - ₹5,760","14 days ago - ₹5,760","13 days ago - ₹5,760","12 days ago - ₹5,941","11 days ago - ₹6,122","10 days ago - ₹6,484","9 days ago - ₹6,484","8 days ago - ₹6,484","7 days ago - ₹6,484","6 days ago - ₹6,484","5 days ago - ₹6,484","4 days ago - ₹6,484","3 days ago - ₹6,484","2 days ago - ₹6,484","1 day ago - ₹6,484","Today - ₹6,484"
,,,,,,,,,,,,,,,,,,,,,,,,,,,,,,,,,,,,,,,,,,,,,,,,,,,,,,,,,,,,
,,,,,,,,,,,,,,,,,,,,,,,,,,,,,,,,,,,,,,,,,,,,,,,,,,,,,,,,,,,,
"60 days ago - ₹5,760","59 days ago - ₹5,760","58 days ago - ₹5,760","57 days ago - ₹5,760","56 days ago - ₹5,760","55 days ago - ₹5,760","54 days ago - ₹6,846","53 days ago - ₹6,846","52 days ago - ₹6,846","51 days ago - ₹6,846","50 days ago - ₹6,846","49 days ago - ₹6,846","48 days ago - ₹6,846","47 days ago - ₹6,846","46 days ago - ₹6,846","45 days ago - ₹6,846","44 days ago - ₹6,846","43 days ago - ₹6,846","42 days ago - ₹6,846","41 days ago - ₹6,846","40 days ago - ₹6,846","39 days ago - ₹6,846","38 days ago - ₹6,846","37 days ago - ₹6,846","36 days ago - ₹6,846","35 days ago - ₹6,846","34 days ago - ₹6,846","33 days ago - ₹6,846","32 days ago - ₹6,846","31 days ago - ₹6,846","30 days ago - ₹6,846","29 days ago - ₹6,846","28 days ago - ₹6,846","27 days ago - ₹6,846","26 days ago - ₹6,846","25 days ago - ₹6,846","24 days ago - ₹6,846","23 days ago - ₹6,846","22 days ago - ₹6,846","21 days ago - ₹6,846","20 days ago - ₹6,846","19 days ago - ₹6,846","18 days ago - ₹6,846","17 days ago - ₹6,846","16 days ago - ₹6,846","15 days ago - ₹6,846","14 days ago - ₹6,846","13 days ago - ₹6,846","12 days ago - ₹6,846","11 days ago - ₹6,846","10 days ago - ₹7,390","9 days ago - ₹7,390","8 days ago - ₹7,390","7 days ago - ₹7,390","6 days ago - ₹7,390","5 days ago - ₹7,932","4 days ago - ₹7,932","3 days ago - ₹7,932","2 days ago - ₹7,932","1 day ago - ₹7,932","Today - ₹7,932"
,,,,,,,,,,,,,,,,,,,,,,,,,,,,,,,,,,,,,,,,,,,,,,,,,,,,,,,,,,,,
"60 days ago - ₹5,760","59 days ago - ₹5,760","58 days ago - ₹5,760","57 days ago - ₹5,760","56 days ago - ₹5,760","55 days ago - ₹5,760","54 days ago - ₹5,760","53 days ago - ₹5,760","52 days ago - ₹5,760","51 days ago - ₹5,760","50 days ago - ₹5,760","49 days ago - ₹5,760","48 days ago - ₹5,760","47 days ago - ₹5,760","46 days ago - ₹5,760","45 days ago - ₹5,760","44 days ago - ₹5,760","43 days ago - ₹5,760","42 days ago - ₹5,760","41 days ago - ₹5,760","40 days ago - ₹5,760","39 days ago - ₹5,760","38 days ago - ₹5,760","37 days ago - ₹5,760","36 days ago - ₹5,760","35 days ago - ₹5,760","34 days ago - ₹5,760","33 days ago - ₹5,760","32 days ago - ₹5,760","31 days ago - ₹5,760","30 days ago - ₹5,760","29 days ago - ₹5,514","28 days ago - ₹5,514","27 days ago - ₹5,714","26 days ago - ₹5,714","25 days ago - ₹5,760","24 days ago - ₹5,760","23 days ago - ₹5,760","22 days ago - ₹5,760","21 days ago - ₹5,760","20 days ago - ₹5,760","19 days ago - ₹5,760","18 days ago - ₹5,760","17 days ago - ₹5,760","16 days ago - ₹5,760","15 days ago - ₹5,760","14 days ago - ₹5,760","13 days ago - ₹5,760","12 days ago - ₹5,760","11 days ago - ₹5,760","10 days ago - ₹5,760","9 days ago - ₹5,760","8 days ago - ₹5,941","7 days ago - ₹5,941","6 days ago - ₹5,941","5 days ago - ₹5,941","4 days ago - ₹5,941","3 days ago - ₹6,122","2 days ago - ₹6,122","1 day ago - ₹6,122","Today - ₹6,484"
,,,,,,,,,,,,,,,,,,,,,,,,,,,,,,,,,,,,,,,,,,,,,,,,,,,,,,,,,,,,
"60 days ago - ₹5,760","59 days ago - ₹5,760","58 days ago - ₹5,760","57 days ago - ₹5,760","56 days ago - ₹5,760","55 days ago - ₹5,760","54 days ago - ₹5,760","53 days ago - ₹5,760","52 days ago - ₹5,760","51 days ago - ₹5,760","50 days ago - ₹5,760","49 days ago - ₹5,760","48 days ago - ₹5,760","47 days ago - ₹5,760","46 days ago - ₹5,760","45 days ago - ₹5,760","44 days ago - ₹5,760","43 days ago - ₹5,760","42 days ago - ₹5,760","41 days ago - ₹5,760","40 days ago - ₹5,760","39 days ago - ₹5,760","38 days ago - ₹5,760","37 days ago - ₹5,760","36 days ago - ₹5,760","35 days ago - ₹5,760","34 days ago - ₹5,760","33 days ago - ₹5,760","32 days ago - ₹5,941","31 days ago - ₹5,941","30 days ago - ₹5,941","29 days ago - ₹5,941","28 days ago - ₹5,941","27 days ago - ₹5,941","26 days ago - ₹5,941","25 days ago - ₹5,941","24 days ago - ₹5,941","23 days ago - ₹5,941","22 days ago - ₹5,941","21 days ago - ₹5,941","20 days ago - ₹5,941","19 days ago - ₹5,941","18 days ago - ₹5,941","17 days ago - ₹5,941","16 days ago - ₹6,122","15 days ago - ₹6,122","14 days ago - ₹6,484","13 days ago - ₹6,484","12 days ago - ₹6,484","11 days ago - ₹6,484","10 days ago - ₹7,390","9 days ago - ₹7,390","8 days ago - ₹7,390","7 days ago - ₹7,390","6 days ago - ₹7,390","5 days ago - ₹7,390","4 days ago - ₹7,390","3 days ago - ₹7,390","2 days ago - ₹7,390","1 day ago - ₹7,932","Today - ₹7,932"
,,,,,,,,,,,,,,,,,,,,,,,,,,,,,,,,,,,,,,,,,,,,,,,,,,,,,,,,,,,,
,,,,,,,,,,,,,,,,,,,,,,,,,,,,,,,,,,,,,,,,,,,,,,,,,,,,,,,,,,,,
"60 days ago - ₹5,760","59 days ago - ₹5,760","58 days ago - ₹5,760","57 days ago - ₹5,760","56 days ago - ₹5,760","55 days ago - ₹5,760","54 days ago - ₹5,760","53 days ago - ₹5,760","52 days ago - ₹5,760","51 days ago - ₹5,760","50 days ago - ₹5,760","49 days ago - ₹5,760","48 days ago - ₹5,760","47 days ago - ₹5,760","46 days ago - ₹5,760","45 days ago - ₹5,760","44 days ago - ₹5,760","43 days ago - ₹5,760","42 days ago - ₹5,760","41 days ago - ₹5,760","40 days ago - ₹5,760","39 days ago - ₹5,760","38 days ago - ₹5,760","37 days ago - ₹5,760","36 days ago - ₹5,760","35 days ago - ₹5,760","34 days ago - ₹5,760","33 days ago - ₹5,760","32 days ago - ₹5,760","31 days ago - ₹5,760","30 days ago - ₹5,760","29 days ago - ₹5,614","28 days ago - ₹5,614","27 days ago - ₹4,214","26 days ago - ₹4,214","25 days ago - ₹4,214","24 days ago - ₹5,760","23 days ago - ₹5,760","22 days ago - ₹5,760","21 days ago - ₹5,760","20 days ago - ₹5,760","19 days ago - ₹5,760","18 days ago - ₹5,760","17 days ago - ₹5,760","16 days ago - ₹5,760","15 days ago - ₹5,760","14 days ago - ₹5,760","13 days ago - ₹5,760","12 days ago - ₹5,760","11 days ago - ₹5,760","10 days ago - ₹5,760","9 days ago - ₹5,760","8 days ago - ₹5,760","7 days ago - ₹5,760","6 days ago - ₹5,760","5 days ago - ₹5,760","4 days ago - ₹5,760","3 days ago - ₹5,760","2 days ago - ₹5,760","1 day ago - ₹5,760","Today - ₹5,760"
,,,,,,,,,,,,,,,,,,,,,,,,,,,,,,,,,,,,,,,,,,,,,,,,,,,,,,,,,,,,
"60 days ago - ₹5,760","59 days ago - ₹5,760","58 days ago - ₹5,760","57 days ago - ₹5,760","56 days ago - ₹5,760","55 days ago - ₹5,760","54 days ago - ₹5,760","53 days ago - ₹5,760","52 days ago - ₹5,760","51 days ago - ₹5,760","50 days ago - ₹5,760","49 days ago - ₹5,760","48 days ago - ₹5,760","47 days ago - ₹5,760","46 days ago - ₹5,760","45 days ago - ₹5,760","44 days ago - ₹5,760","43 days ago - ₹5,760","42 days ago - ₹5,760","41 days ago - ₹5,760","40 days ago - ₹5,760","39 days ago - ₹5,760","38 days ago - ₹5,760","37 days ago - ₹5,760","36 days ago - ₹5,760","35 days ago - ₹5,760","34 days ago - ₹5,760","33 days ago - ₹5,760","32 days ago - ₹5,760","31 days ago - ₹5,760","30 days ago - ₹5,760","29 days ago - ₹4,614","28 days ago - ₹4,214","27 days ago - ₹4,214","26 days ago - ₹4,214","25 days ago - ₹4,214","24 days ago - ₹4,214","23 days ago - ₹5,760","22 days ago - ₹5,760","21 days ago - ₹5,760","20 days ago - ₹5,760","19 days ago - ₹5,760","18 days ago - ₹5,760","17 days ago - ₹5,760","16 days ago - ₹5,760","15 days ago - ₹5,760","14 days ago - ₹5,760","13 days ago - ₹5,760","12 days ago - ₹5,760","11 days ago - ₹5,760","10 days ago - ₹5,760","9 days ago - ₹5,760","8 days ago - ₹5,760","7 days ago - ₹5,760","6 days ago - ₹5,760","5 days ago - ₹5,760","4 days ago - ₹5,760","3 days ago - ₹5,760","2 days ago - ₹5,760","1 day ago - ₹5,760","Today - ₹5,760"
,,,,,,,,,,,,,,,,,,,,,,,,,,,,,,,,,,,,,,,,,,,,,,,,,,,,,,,,,,,,
"60 days ago - ₹5,760","59 days ago - ₹5,760","58 days ago - ₹5,760","57 days ago - ₹5,760","56 days ago - ₹5,760","55 days ago - ₹5,760","54 days ago - ₹5,760","53 days ago - ₹5,760","52 days ago - ₹5,760","51 days ago - ₹5,760","50 days ago - ₹5,760","49 days ago - ₹5,760","48 days ago - ₹5,760","47 days ago - ₹5,760","46 days ago - ₹5,760","45 days ago - ₹5,760","44 days ago - ₹5,760","43 days ago - ₹5,760","42 days ago - ₹5,760","41 days ago - ₹5,760","40 days ago - ₹5,760","39 days ago - ₹5,760","38 days ago - ₹5,760","37 days ago - ₹5,760","36 days ago - ₹5,760","35 days ago - ₹5,760","34 days ago - ₹5,760","33 days ago - ₹5,760","32 days ago - ₹5,760","31 days ago - ₹5,760","30 days ago - ₹5,760","29 days ago - ₹5,614","28 days ago - ₹5,614","27 days ago - ₹4,214","26 days ago - ₹4,214","25 days ago - ₹4,214","24 days ago - ₹4,214","23 days ago - ₹5,760","22 days ago - ₹5,760","21 days ago - ₹5,760","20 days ago - ₹5,760","19 days ago - ₹5,760","18 days ago - ₹5,760","17 days ago - ₹5,760","16 days ago - ₹5,760","15 days ago - ₹5,760","14 days ago - ₹5,760","13 days ago - ₹5,760","12 days ago - ₹5,760","11 days ago - ₹5,760","10 days ago - ₹5,760","9 days ago - ₹5,760","8 days ago - ₹5,760","7 days ago - ₹5,760","6 days ago - ₹5,760","5 days ago - ₹5,760","4 days ago - ₹5,760","3 days ago - ₹5,760","2 days ago - ₹5,760","1 day ago - ₹5,760","Today - ₹5,760"
,,,,,,,,,,,,,,,,,,,,,,,,,,,,,,,,,,,,,,,,,,,,,,,,,,,,,,,,,,,,
,,,,,,,,,,,,,,,,,,,,,,,,,,,,,,,,,,,,,,,,,,,,,,,,,,,,,,,,,,,,
"60 days ago - ₹5,760","59 days ago - ₹5,760","58 days ago - ₹5,760","57 days ago - ₹5,760","56 days ago - ₹5,760","55 days ago - ₹5,760","54 days ago - ₹5,760","53 days ago - ₹5,760","52 days ago - ₹5,760","51 days ago - ₹5,760","50 days ago - ₹5,760","49 days ago - ₹5,760","48 days ago - ₹5,760","47 days ago - ₹5,760","46 days ago - ₹5,760","45 days ago - ₹5,760","44 days ago - ₹5,760","43 days ago - ₹5,760","42 days ago - ₹5,760","41 days ago - ₹5,760","40 days ago - ₹5,760","39 days ago - ₹5,760","38 days ago - ₹5,760","37 days ago - ₹5,760","36 days ago - ₹5,760","35 days ago - ₹5,760","34 days ago - ₹5,760","33 days ago - ₹5,760","32 days ago - ₹5,760","31 days ago - ₹5,760","30 days ago - ₹5,760","29 days ago - ₹5,760","28 days ago - ₹5,614","27 days ago - ₹4,214","26 days ago - ₹4,214","25 days ago - ₹4,214","24 days ago - ₹5,760","23 days ago - ₹5,760","22 days ago - ₹5,760","21 days ago - ₹5,760","20 days ago - ₹5,760","19 days ago - ₹5,760","18 days ago - ₹5,760","17 days ago - ₹5,760","16 days ago - ₹5,760","15 days ago - ₹5,760","14 days ago - ₹5,760","13 days ago - ₹5,760","12 days ago - ₹5,760","11 days ago - ₹5,760","10 days ago - ₹5,760","9 days ago - ₹5,760","8 days ago - ₹5,760","7 days ago - ₹5,760","6 days ago - ₹5,760","5 days ago - ₹5,760","4 days ago - ₹5,760","3 days ago - ₹5,760","2 days ago - ₹5,760","1 day ago - ₹5,760","Today - ₹5,760"
,,,,,,,,,,,,,,,,,,,,,,,,,,,,,,,,,,,,,,,,,,,,,,,,,,,,,,,,,,,,
"60 days ago - ₹5,760","59 days ago - ₹5,760","58 days ago - ₹5,760","57 days ago - ₹5,760","56 days ago - ₹5,760","55 days ago - ₹5,760","54 days ago - ₹5,760","53 days ago - ₹5,760","52 days ago - ₹5,760","51 days ago - ₹5,760","50 days ago - ₹5,760","49 days ago - ₹5,760","48 days ago - ₹5,760","47 days ago - ₹5,760","46 days ago - ₹5,760","45 days ago - ₹5,760","44 days ago - ₹5,760","43 days ago - ₹5,760","42 days ago - ₹5,760","41 days ago - ₹5,760","40 days ago - ₹5,760","39 days ago - ₹5,760","38 days ago - ₹5,760","37 days ago - ₹5,760","36 days ago - ₹5,760","35 days ago - ₹5,760","34 days ago - ₹5,760","33 days ago - ₹5,760","32 days ago - ₹5,760","31 days ago - ₹5,760","30 days ago - ₹5,760","29 days ago - ₹4,614","28 days ago - ₹4,614","27 days ago - ₹4,214","26 days ago - ₹4,214","25 days ago - ₹4,214","24 days ago - ₹5,760","23 days ago - ₹5,760","22 days ago - ₹5,760","21 days ago - ₹5,760","20 days ago - ₹5,760","19 days ago - ₹5,760","18 days ago - ₹5,760","17 days ago - ₹5,760","16 days ago - ₹5,760","15 days ago - ₹5,760","14 days ago - ₹5,760","13 days ago - ₹5,760","12 days ago - ₹5,760","11 days ago - ₹5,760","10 days ago - ₹5,760","9 days ago - ₹5,760","8 days ago - ₹5,760","7 days ago - ₹5,760","6 days ago - ₹5,760","5 days ago - ₹5,760","4 days ago - ₹5,760","3 days ago - ₹5,760","2 days ago - ₹5,760","1 day ago - ₹5,760","Today - ₹5,760"
,,,,,,,,,,,,,,,,,,,,,,,,,,,,,,,,,,,,,,,,,,,,,,,,,,,,,,,,,,,,
"60 days ago - ₹5,760","59 days ago - ₹5,760","58 days ago - ₹5,760","57 days ago - ₹5,760","56 days ago - ₹5,760","55 days ago - ₹5,760","54 days ago - ₹5,760","53 days ago - ₹5,760","52 days ago - ₹5,760","51 days ago - ₹5,760","50 days ago - ₹5,760","49 days ago - ₹5,760","48 days ago - ₹5,760","47 days ago - ₹5,760","46 days ago - ₹5,760","45 days ago - ₹5,760","44 days ago - ₹5,760","43 days ago - ₹5,760","42 days ago - ₹5,760","41 days ago - ₹5,760","40 days ago - ₹5,760","39 days ago - ₹5,760","38 days ago - ₹5,760","37 days ago - ₹5,760","36 days ago - ₹5,760","35 days ago - ₹5,760","34 days ago - ₹5,760","33 days ago - ₹5,760","32 days ago - ₹5,760","31 days ago - ₹5,760","30 days ago - ₹5,760","29 days ago - ₹5,760","28 days ago - ₹5,614","27 days ago - ₹4,214","26 days ago - ₹4,214","25 days ago - ₹4,214","24 days ago - ₹5,760","23 days ago - ₹5,760","22 days ago - ₹5,760","21 days ago - ₹5,760","20 days ago - ₹5,760","19 days ago - ₹5,760","18 days ago - ₹5,760","17 days ago - ₹5,760","16 days ago - ₹5,760","15 days ago - ₹5,760","14 days ago - ₹5,760","13 days ago - ₹5,760","12 days ago - ₹5,760","11 days ago - ₹5,760","10 days ago - ₹5,760","9 days ago - ₹5,760","8 days ago - ₹5,760","7 days ago - ₹5,760","6 days ago - ₹5,760","5 days ago - ₹5,760","4 days ago - ₹5,760","3 days ago - ₹5,760","2 days ago - ₹5,760","1 day ago - ₹5,760","Today - ₹5,760"
,,,,,,,,,,,,,,,,,,,,,,,,,,,,,,,,,,,,,,,,,,,,,,,,,,,,,,,,,,,,
,,,,,,,,,,,,,,,,,,,,,,,,,,,,,,,,,,,,,,,,,,,,,,,,,,,,,,,,,,,,
"60 days ago - ₹5,760","59 days ago - ₹5,760","58 days ago - ₹5,760","57 days ago - ₹5,760","56 days ago - ₹5,760","55 days ago - ₹5,760","54 days ago - ₹5,760","53 days ago - ₹5,760","52 days ago - ₹5,760","51 days ago - ₹5,760","50 days ago - ₹5,760","49 days ago - ₹5,760","48 days ago - ₹5,760","47 days ago - ₹5,760","46 days ago - ₹5,760","45 days ago - ₹5,760","44 days ago - ₹5,760","43 days ago - ₹5,760","42 days ago - ₹5,760","41 days ago - ₹5,760","40 days ago - ₹5,760","39 days ago - ₹5,760","38 days ago - ₹5,760","37 days ago - ₹5,760","36 days ago - ₹5,760","35 days ago - ₹5,760","34 days ago - ₹5,760","33 days ago - ₹5,760","32 days ago - ₹5,760","31 days ago - ₹5,760","30 days ago - ₹5,760","29 days ago - ₹5,760","28 days ago - ₹5,614","27 days ago - ₹5,614","26 days ago - ₹4,214","25 days ago - ₹4,214","24 days ago - ₹5,760","23 days ago - ₹5,760","22 days ago - ₹5,760","21 days ago - ₹5,760","20 days ago - ₹5,760","19 days ago - ₹5,760","18 days ago - ₹5,760","17 days ago - ₹5,760","16 days ago - ₹5,760","15 days ago - ₹5,760","14 days ago - ₹5,760","13 days ago - ₹5,760","12 days ago - ₹5,760","11 days ago - ₹5,760","10 days ago - ₹5,760","9 days ago - ₹5,760","8 days ago - ₹5,760","7 days ago - ₹5,760","6 days ago - ₹5,760","5 days ago - ₹5,760","4 days ago - ₹5,760","3 days ago - ₹5,760","2 days ago - ₹5,760","1 day ago - ₹5,760","Today - ₹5,760"
,,,,,,,,,,,,,,,,,,,,,,,,,,,,,,,,,,,,,,,,,,,,,,,,,,,,,,,,,,,,
"60 days ago - ₹5,760","59 days ago - ₹5,760","58 days ago - ₹5,760","57 days ago - ₹5,760","56 days ago - ₹5,760","55 days ago - ₹5,760","54 days ago - ₹5,760","53 days ago - ₹5,760","52 days ago - ₹5,760","51 days ago - ₹5,760","50 days ago - ₹5,760","49 days ago - ₹5,760","48 days ago - ₹5,760","47 days ago - ₹5,760","46 days ago - ₹5,760","45 days ago - ₹5,760","44 days ago - ₹5,760","43 days ago - ₹5,760","42 days ago - ₹5,760","41 days ago - ₹5,760","40 days ago - ₹5,760","39 days ago - ₹5,760","38 days ago - ₹5,760","37 days ago - ₹5,760","36 days ago - ₹5,760","35 days ago - ₹5,760","34 days ago - ₹5,760","33 days ago - ₹5,760","32 days ago - ₹5,760","31 days ago - ₹5,760","30 days ago - ₹5,760","29 days ago - ₹4,614","28 days ago - ₹4,614","27 days ago - ₹4,214","26 days ago - ₹4,214","25 days ago - ₹4,214","24 days ago - ₹5,760","23 days ago - ₹5,760","22 days ago - ₹5,760","21 days ago - ₹5,760","20 days ago - ₹5,760","19 days ago - ₹5,760","18 days ago - ₹5,760","17 days ago - ₹5,760","16 days ago - ₹5,760","15 days ago - ₹5,760","14 days ago - ₹5,760","13 days ago - ₹5,760","12 days ago - ₹5,760","11 days ago - ₹5,760","10 days ago - ₹5,760","9 days ago - ₹5,760","8 days ago - ₹5,760","7 days ago - ₹5,760","6 days ago - ₹5,760","5 days ago - ₹5,760","4 days ago - ₹5,760","3 days ago - ₹5,760","2 days ago - ₹5,760","1 day ago - ₹5,760","Today - ₹5,760"
,,,,,,,,,,,,,,,,,,,,,,,,,,,,,,,,,,,,,,,,,,,,,,,,,,,,,,,,,,,,
"60 days ago - ₹5,760","59 days ago - ₹5,760","58 days ago - ₹5,760","57 days ago - ₹5,760","56 days ago - ₹5,760","55 days ago - ₹5,760","54 days ago - ₹5,760","53 days ago - ₹5,760","52 days ago - ₹5,760","51 days ago - ₹5,760","50 days ago - ₹5,760","49 days ago - ₹5,760","48 days ago - ₹5,760","47 days ago - ₹5,760","46 days ago - ₹5,760","45 days ago - ₹5,760","44 days ago - ₹5,760","43 days ago - ₹5,760","42 days ago - ₹5,760","41 days ago - ₹5,760","40 days ago - ₹5,760","39 days ago - ₹5,760","38 days ago - ₹5,760","37 days ago - ₹5,760","36 days ago - ₹5,760","35 days ago - ₹5,760","34 days ago - ₹5,760","33 days ago - ₹5,760","32 days ago - ₹5,760","31 days ago - ₹5,760","30 days ago - ₹5,760","29 days ago - ₹5,760","28 days ago - ₹5,614","27 days ago - ₹5,614","26 days ago - ₹4,214","25 days ago - ₹4,214","24 days ago - ₹4,214","23 days ago - ₹5,760","22 days ago - ₹5,760","21 days ago - ₹5,760","20 days ago - ₹5,760","19 days ago - ₹5,760","18 days ago - ₹5,760","17 days ago - ₹5,760","16 days ago - ₹5,760","15 days ago - ₹5,760","14 days ago - ₹5,760","13 days ago - ₹5,760","12 days ago - ₹5,760","11 days ago - ₹5,760","10 days ago - ₹5,760","9 days ago - ₹5,760","8 days ago - ₹5,760","7 days ago - ₹5,760","6 days ago - ₹5,760","5 days ago - ₹5,760","4 days ago - ₹5,760","3 days ago - ₹5,760","2 days ago - ₹5,760","1 day ago - ₹5,760","Today - ₹5,760"
,,,,,,,,,,,,,,,,,,,,,,,,,,,,,,,,,,,,,,,,,,,,,,,,,,,,,,,,,,,,
,,,,,,,,,,,,,,,,,,,,,,,,,,,,,,,,,,,,,,,,,,,,,,,,,,,,,,,,,,,,
"60 days ago - ₹5,760","59 days ago - ₹5,760","58 days ago - ₹5,760","57 days ago - ₹5,760","56 days ago - ₹5,760","55 days ago - ₹5,760","54 days ago - ₹5,760","53 days ago - ₹5,760","52 days ago - ₹5,760","51 days ago - ₹5,760","50 days ago - ₹5,760","49 days ago - ₹5,760","48 days ago - ₹5,760","47 days ago - ₹5,760","46 days ago - ₹5,760","45 days ago - ₹5,760","44 days ago - ₹5,760","43 days ago - ₹5,760","42 days ago - ₹5,760","41 days ago - ₹5,760","40 days ago - ₹5,760","39 days ago - ₹5,760","38 days ago - ₹5,760","37 days ago - ₹5,760","36 days ago - ₹5,760","35 days ago - ₹5,760","34 days ago - ₹5,760","33 days ago - ₹5,760","32 days ago - ₹5,760","31 days ago - ₹5,760","30 days ago - ₹5,760","29 days ago - ₹5,760","28 days ago - ₹5,614","27 days ago - ₹5,614","26 days ago - ₹4,214","25 days ago - ₹4,214","24 days ago - ₹4,214","23 days ago - ₹5,760","22 days ago - ₹5,760","21 days ago - ₹5,760","20 days ago - ₹5,760","19 days ago - ₹5,760","18 days ago - ₹5,760","17 days ago - ₹5,760","16 days ago - ₹5,760","15 days ago - ₹5,760","14 days ago - ₹5,760","13 days ago - ₹5,760","12 days ago - ₹5,760","11 days ago - ₹5,760","10 days ago - ₹5,760","9 days ago - ₹5,760","8 days ago - ₹5,760","7 days ago - ₹5,760","6 days ago - ₹5,760","5 days ago - ₹5,760","4 days ago - ₹5,760","3 days ago - ₹5,760","2 days ago - ₹5,760","1 day ago - ₹5,760","Today - ₹5,760"
,,,,,,,,,,,,,,,,,,,,,,,,,,,,,,,,,,,,,,,,,,,,,,,,,,,,,,,,,,,,
"60 days ago - ₹5,760","59 days ago - ₹5,760","58 days ago - ₹5,760","57 days ago - ₹5,760","56 days ago - ₹5,760","55 days ago - ₹5,760","54 days ago - ₹5,760","53 days ago - ₹5,760","52 days ago - ₹5,760","51 days ago - ₹5,760","50 days ago - ₹5,760","49 days ago - ₹5,760","48 days ago - ₹5,760","47 days ago - ₹5,760","46 days ago - ₹5,760","45 days ago - ₹5,760","44 days ago - ₹5,760","43 days ago - ₹5,760","42 days ago - ₹5,760","41 days ago - ₹5,760","40 days ago - ₹5,760","39 days ago - ₹5,760","38 days ago - ₹5,760","37 days ago - ₹5,760","36 days ago - ₹5,760","35 days ago - ₹5,760","34 days ago - ₹5,760","33 days ago - ₹5,760","32 days ago - ₹5,760","31 days ago - ₹5,760","30 days ago - ₹5,760","29 days ago - ₹5,760","28 days ago - ₹5,614","27 days ago - ₹5,614","26 days ago - ₹4,214","25 days ago - ₹4,214","24 days ago - ₹5,760","23 days ago - ₹5,760","22 days ago - ₹5,760","21 days ago - ₹5,760","20 days ago - ₹5,760","19 days ago - ₹5,760","18 days ago - ₹5,760","17 days ago - ₹5,760","16 days ago - ₹5,760","15 days ago - ₹5,760","14 days ago - ₹5,760","13 days ago - ₹5,760","12 days ago - ₹5,760","11 days ago - ₹5,760","10 days ago - ₹5,760","9 days ago - ₹5,760","8 days ago - ₹5,760","7 days ago - ₹5,760","6 days ago - ₹5,760","5 days ago - ₹5,760","4 days ago - ₹5,760","3 days ago - ₹5,760","2 days ago - ₹5,760","1 day ago - ₹5,760","Today - ₹5,760"
,,,,,,,,,,,,,,,,,,,,,,,,,,,,,,,,,,,,,,,,,,,,,,,,,,,,,,,,,,,,
"60 days ago - ₹5,760","59 days ago - ₹5,760","58 days ago - ₹5,760","57 days ago - ₹5,760","56 days ago - ₹5,760","55 days ago - ₹5,760","54 days ago - ₹5,760","53 days ago - ₹5,760","52 days ago - ₹5,760","51 days ago - ₹5,760","50 days ago - ₹5,760","49 days ago - ₹5,760","48 days ago - ₹5,760","47 days ago - ₹5,760","46 days ago - ₹5,760","45 days ago - ₹5,760","44 days ago - ₹5,760","43 days ago - ₹5,760","42 days ago - ₹5,760","41 days ago - ₹5,760","40 days ago - ₹5,760","39 days ago - ₹5,760","38 days ago - ₹5,760","37 days ago - ₹5,760","36 days ago - ₹5,760","35 days ago - ₹5,760","34 days ago - ₹5,760","33 days ago - ₹5,760","32 days ago - ₹5,760","31 days ago - ₹5,760","30 days ago - ₹5,760","29 days ago - ₹4,614","28 days ago - ₹4,614","27 days ago - ₹4,214","26 days ago - ₹4,214","25 days ago - ₹4,214","24 days ago - ₹4,214","23 days ago - ₹5,760","22 days ago - ₹5,760","21 days ago - ₹5,760","20 days ago - ₹5,760","19 days ago - ₹5,760","18 days ago - ₹5,760","17 days ago - ₹5,760","16 days ago - ₹5,760","15 days ago - ₹5,760","14 days ago - ₹5,760","13 days ago - ₹5,760","12 days ago - ₹5,760","11 days ago - ₹5,760","10 days ago - ₹5,760","9 days ago - ₹5,760","8 days ago - ₹5,760","7 days ago - ₹5,760","6 days ago - ₹5,760","5 days ago - ₹5,760","4 days ago - ₹5,760","3 days ago - ₹5,760","2 days ago - ₹5,760","1 day ago - ₹5,760","Today - ₹5,760"
,,,,,,,,,,,,,,,,,,,,,,,,,,,,,,,,,,,,,,,,,,,,,,,,,,,,,,,,,,,,
,,,,,,,,,,,,,,,,,,,,,,,,,,,,,,,,,,,,,,,,,,,,,,,,,,,,,,,,,,,,
"60 days ago - ₹5,760","59 days ago - ₹5,760","58 days ago - ₹5,760","57 days ago - ₹5,760","56 days ago - ₹5,760","55 days ago - ₹5,760","54 days ago - ₹5,760","53 days ago - ₹5,760","52 days ago - ₹5,760","51 days ago - ₹5,760","50 days ago - ₹5,760","49 days ago - ₹5,760","48 days ago - ₹5,760","47 days ago - ₹5,760","46 days ago - ₹5,760","45 days ago - ₹5,760","44 days ago - ₹5,760","43 days ago - ₹5,760","42 days ago - ₹5,760","41 days ago - ₹5,760","40 days ago - ₹5,760","39 days ago - ₹5,760","38 days ago - ₹5,760","37 days ago - ₹5,760","36 days ago - ₹5,760","35 days ago - ₹5,760","34 days ago - ₹5,760","33 days ago - ₹5,760","32 days ago - ₹5,760","31 days ago - ₹5,760","30 days ago - ₹5,760","29 days ago - ₹5,760","28 days ago - ₹5,614","27 days ago - ₹5,614","26 days ago - ₹4,214","25 days ago - ₹4,214","24 days ago - ₹4,214","23 days ago - ₹5,760","22 days ago - ₹5,760","21 days ago - ₹5,760","20 days ago - ₹5,760","19 days ago - ₹5,760","18 days ago - ₹5,760","17 days ago - ₹5,760","16 days ago - ₹5,760","15 days ago - ₹5,760","14 days ago - ₹5,760","13 days ago - ₹5,760","12 days ago - ₹5,760","11 days ago - ₹5,760","10 days ago - ₹5,760","9 days ago - ₹5,760","8 days ago - ₹5,760","7 days ago - ₹5,760","6 days ago - ₹5,760","5 days ago - ₹5,760","4 days ago - ₹5,760","3 days ago - ₹5,760","2 days ago - ₹5,760","1 day ago - ₹5,760","Today - ₹5,760"
,,,,,,,,,,,,,,,,,,,,,,,,,,,,,,,,,,,,,,,,,,,,,,,,,,,,,,,,,,,,
"60 days ago - ₹5,760","59 days ago - ₹5,760","58 days ago - ₹5,760","57 days ago - ₹5,760","56 days ago - ₹5,760","55 days ago - ₹5,760","54 days ago - ₹5,760","53 days ago - ₹5,760","52 days ago - ₹5,760","51 days ago - ₹5,760","50 days ago - ₹5,760","49 days ago - ₹5,760","48 days ago - ₹5,760","47 days ago - ₹5,760","46 days ago - ₹5,760","45 days ago - ₹5,760","44 days ago - ₹5,760","43 days ago - ₹5,760","42 days ago - ₹5,760","41 days ago - ₹5,760","40 days ago - ₹5,760","39 days ago - ₹5,760","38 days ago - ₹5,760","37 days ago - ₹5,760","36 days ago - ₹5,760","35 days ago - ₹5,760","34 days ago - ₹5,760","33 days ago - ₹5,760","32 days ago - ₹5,760","31 days ago - ₹5,760","30 days ago - ₹5,760","29 days ago - ₹4,614","28 days ago - ₹4,614","27 days ago - ₹5,614","26 days ago - ₹4,214","25 days ago - ₹4,214","24 days ago - ₹4,214","23 days ago - ₹5,760","22 days ago - ₹5,760","21 days ago - ₹5,760","20 days ago - ₹5,760","19 days ago - ₹5,760","18 days ago - ₹5,760","17 days ago - ₹5,760","16 days ago - ₹5,760","15 days ago - ₹5,760","14 days ago - ₹5,760","13 days ago - ₹5,760","12 days ago - ₹5,760","11 days ago - ₹5,760","10 days ago - ₹5,760","9 days ago - ₹5,760","8 days ago - ₹5,760","7 days ago - ₹5,760","6 days ago - ₹5,760","5 days ago - ₹5,760","4 days ago - ₹5,760","3 days ago - ₹5,760","2 days ago - ₹5,760","1 day ago - ₹5,760","Today - ₹5,760"
,,,,,,,,,,,,,,,,,,,,,,,,,,,,,,,,,,,,,,,,,,,,,,,,,,,,,,,,,,,,
"60 days ago - ₹5,760","59 days ago - ₹5,760","58 days ago - ₹5,760","57 days ago - ₹5,760","56 days ago - ₹5,760","55 days ago - ₹5,760","54 days ago - ₹5,760","53 days ago - ₹5,760","52 days ago - ₹5,760","51 days ago - ₹5,760","50 days ago - ₹5,760","49 days ago - ₹5,760","48 days ago - ₹5,760","47 days ago - ₹5,760","46 days ago - ₹5,760","45 days ago - ₹5,760","44 days ago - ₹5,760","43 days ago - ₹5,760","42 days ago - ₹5,760","41 days ago - ₹5,760","40 days ago - ₹5,760","39 days ago - ₹5,760","38 days ago - ₹5,760","37 days ago - ₹5,760","36 days ago - ₹5,760","35 days ago - ₹5,760","34 days ago - ₹5,760","33 days ago - ₹5,760","32 days ago - ₹5,760","31 days ago - ₹5,760","30 days ago - ₹5,760","29 days ago - ₹5,760","28 days ago - ₹5,760","27 days ago - ₹5,760","26 days ago - ₹5,760","25 days ago - ₹5,760","24 days ago - ₹5,760","23 days ago - ₹5,760","22 days ago - ₹5,760","21 days ago - ₹5,760","20 days ago - ₹5,760","19 days ago - ₹5,760","18 days ago - ₹5,760","17 days ago - ₹5,760","16 days ago - ₹5,760","15 days ago - ₹5,760","14 days ago - ₹5,760","13 days ago - ₹5,760","12 days ago - ₹5,760","11 days ago - ₹5,760","10 days ago - ₹5,760","9 days ago - ₹5,760","8 days ago - ₹5,760","7 days ago - ₹5,760","6 days ago - ₹5,760","5 days ago - ₹5,760","4 days ago - ₹5,760","3 days ago - ₹5,760","2 days ago - ₹5,760","1 day ago - ₹5,760","Today - ₹5,760"
,,,,,,,,,,,,,,,,,,,,,,,,,,,,,,,,,,,,,,,,,,,,,,,,,,,,,,,,,,,,
,,,,,,,,,,,,,,,,,,,,,,,,,,,,,,,,,,,,,,,,,,,,,,,,,,,,,,,,,,,,
"60 days ago - ₹5,760","59 days ago - ₹5,760","58 days ago - ₹5,760","57 days ago - ₹5,760","56 days ago - ₹5,760","55 days ago - ₹5,760","54 days ago - ₹5,760","53 days ago - ₹5,760","52 days ago - ₹5,760","51 days ago - ₹5,760","50 days ago - ₹5,760","49 days ago - ₹5,760","48 days ago - ₹5,760","47 days ago - ₹5,760","46 days ago - ₹5,760","45 days ago - ₹5,760","44 days ago - ₹5,760","43 days ago - ₹5,760","42 days ago - ₹5,760","41 days ago - ₹5,760","40 days ago - ₹5,760","39 days ago - ₹5,760","38 days ago - ₹5,760","37 days ago - ₹5,760","36 days ago - ₹5,760","35 days ago - ₹5,760","34 days ago - ₹5,760","33 days ago - ₹5,760","32 days ago - ₹5,760","31 days ago - ₹5,760","30 days ago - ₹5,760","29 days ago - ₹5,760","28 days ago - ₹5,760","27 days ago - ₹5,760","26 days ago - ₹5,760","25 days ago - ₹5,760","24 days ago - ₹5,760","23 days ago - ₹5,760","22 days ago - ₹5,760","21 days ago - ₹5,760","20 days ago - ₹5,760","19 days ago - ₹5,760","18 days ago - ₹5,760","17 days ago - ₹5,760","16 days ago - ₹5,760","15 days ago - ₹5,760","14 days ago - ₹5,760","13 days ago - ₹5,760","12 days ago - ₹5,760","11 days ago - ₹5,760","10 days ago - ₹5,760","9 days ago - ₹5,760","8 days ago - ₹5,760","7 days ago - ₹5,760","6 days ago - ₹5,760","5 days ago - ₹5,760","4 days ago - ₹5,760","3 days ago - ₹5,760","2 days ago - ₹5,760","1 day ago - ₹5,760","Today - ₹5,760"
,,,,,,,,,,,,,,,,,,,,,,,,,,,,,,,,,,,,,,,,,,,,,,,,,,,,,,,,,,,,
"60 days ago - ₹5,760","59 days ago - ₹5,760","58 days ago - ₹5,760","57 days ago - ₹5,760","56 days ago - ₹5,760","55 days ago - ₹5,760","54 days ago - ₹5,760","53 days ago - ₹5,760","52 days ago - ₹5,760","51 days ago - ₹5,760","50 days ago - ₹5,760","49 days ago - ₹5,760","48 days ago - ₹5,760","47 days ago - ₹5,760","46 days ago - ₹5,760","45 days ago - ₹5,760","44 days ago - ₹5,760","43 days ago - ₹5,760","42 days ago - ₹5,760","41 days ago - ₹5,760","40 days ago - ₹5,760","39 days ago - ₹5,760","38 days ago - ₹5,760","37 days ago - ₹5,760","36 days ago - ₹5,760","35 days ago - ₹5,760","34 days ago - ₹5,760","33 days ago - ₹5,760","32 days ago - ₹5,760","31 days ago - ₹5,760","30 days ago - ₹5,760","29 days ago - ₹4,614","28 days ago - ₹4,614","27 days ago - ₹4,614","26 days ago - ₹4,214","25 days ago - ₹4,214","24 days ago - ₹4,214","23 days ago - ₹5,760","22 days ago - ₹5,760","21 days ago - ₹5,760","20 days ago - ₹5,760","19 days ago - ₹5,760","18 days ago - ₹5,760","17 days ago - ₹5,760","16 days ago - ₹5,760","15 days ago - ₹5,760","14 days ago - ₹5,760","13 days ago - ₹5,760","12 days ago - ₹5,760","11 days ago - ₹5,760","10 days ago - ₹5,760","9 days ago - ₹5,760","8 days ago - ₹5,760","7 days ago - ₹5,760","6 days ago - ₹5,760","5 days ago - ₹5,760","4 days ago - ₹5,760","3 days ago - ₹5,760","2 days ago - ₹5,760","1 day ago - ₹5,760","Today - ₹5,760"
,,,,,,,,,,,,,,,,,,,,,,,,,,,,,,,,,,,,,,,,,,,,,,,,,,,,,,,,,,,,
"60 days ago - ₹5,760","59 days ago - ₹5,760","58 days ago - ₹5,760","57 days ago - ₹5,760","56 days ago - ₹5,760","55 days ago - ₹5,760","54 days ago - ₹5,760","53 days ago - ₹5,760","52 days ago - ₹5,760","51 days ago - ₹5,760","50 days ago - ₹5,760","49 days ago - ₹5,760","48 days ago - ₹5,760","47 days ago - ₹5,760","46 days ago - ₹5,760","45 days ago - ₹5,760","44 days ago - ₹5,760","43 days ago - ₹5,760","42 days ago - ₹5,760","41 days ago - ₹5,760","40 days ago - ₹5,760","39 days ago - ₹5,760","38 days ago - ₹5,760","37 days ago - ₹5,760","36 days ago - ₹5,760","35 days ago - ₹5,760","34 days ago - ₹5,760","33 days ago - ₹5,760","32 days ago - ₹5,760","31 days ago - ₹5,760","30 days ago - ₹5,760","29 days ago - ₹5,760","28 days ago - ₹5,760","27 days ago - ₹5,760","26 days ago - ₹5,760","25 days ago - ₹5,760","24 days ago - ₹5,760","23 days ago - ₹5,760","22 days ago - ₹5,760","21 days ago - ₹5,760","20 days ago - ₹5,760","19 days ago - ₹5,760","18 days ago - ₹5,760","17 days ago - ₹5,760","16 days ago - ₹5,760","15 days ago - ₹5,760","14 days ago - ₹5,760","13 days ago - ₹5,760","12 days ago - ₹5,760","11 days ago - ₹5,760","10 days ago - ₹5,760","9 days ago - ₹5,760","8 days ago - ₹5,760","7 days ago - ₹5,760","6 days ago - ₹5,760","5 days ago - ₹5,760","4 days ago - ₹5,760","3 days ago - ₹5,760","2 days ago - ₹5,760","1 day ago - ₹5,760","Today - ₹5,760"
,,,,,,,,,,,,,,,,,,,,,,,,,,,,,,,,,,,,,,,,,,,,,,,,,,,,,,,,,,,,
,,,,,,,,,,,,,,,,,,,,,,,,,,,,,,,,,,,,,,,,,,,,,,,,,,,,,,,,,,,,
"60 days ago - ₹5,760","59 days ago - ₹5,760","58 days ago - ₹5,760","57 days ago - ₹5,760","56 days ago - ₹5,760","55 days ago - ₹5,760","54 days ago - ₹5,760","53 days ago - ₹5,760","52 days ago - ₹5,760","51 days ago - ₹5,760","50 days ago - ₹5,760","49 days ago - ₹5,760","48 days ago - ₹5,760","47 days ago - ₹5,760","46 days ago - ₹5,760","45 days ago - ₹5,760","44 days ago - ₹5,760","43 days ago - ₹5,760","42 days ago - ₹5,760","41 days ago - ₹5,760","40 days ago - ₹5,760","39 days ago - ₹5,760","38 days ago - ₹5,760","37 days ago - ₹5,760","36 days ago - ₹5,760","35 days ago - ₹5,760","34 days ago - ₹5,760","33 days ago - ₹5,760","32 days ago - ₹5,760","31 days ago - ₹5,760","30 days ago - ₹5,760","29 days ago - ₹5,760","28 days ago - ₹5,760","27 days ago - ₹4,214","26 days ago - ₹4,214","25 days ago - ₹4,214","24 days ago - ₹4,214","23 days ago - ₹5,760","22 days ago - ₹5,760","21 days ago - ₹5,760","20 days ago - ₹5,760","19 days ago - ₹5,760","18 days ago - ₹5,760","17 days ago - ₹5,760","16 days ago - ₹5,760","15 days ago - ₹5,760","14 days ago - ₹5,760","13 days ago - ₹5,760","12 days ago - ₹5,760","11 days ago - ₹5,760","10 days ago - ₹5,760","9 days ago - ₹5,760","8 days ago - ₹5,760","7 days ago - ₹5,760","6 days ago - ₹5,760","5 days ago - ₹5,760","4 days ago - ₹5,760","3 days ago - ₹5,760","2 days ago - ₹5,760","1 day ago - ₹5,760","Today - ₹5,760"
,,,,,,,,,,,,,,,,,,,,,,,,,,,,,,,,,,,,,,,,,,,,,,,,,,,,,,,,,,,,
"60 days ago - ₹5,760","59 days ago - ₹5,760","58 days ago - ₹5,760","57 days ago - ₹5,760","56 days ago - ₹5,760","55 days ago - ₹5,760","54 days ago - ₹5,760","53 days ago - ₹5,760","52 days ago - ₹5,760","51 days ago - ₹5,760","50 days ago - ₹5,760","49 days ago - ₹5,760","48 days ago - ₹5,760","47 days ago - ₹5,760","46 days ago - ₹5,760","45 days ago - ₹5,760","44 days ago - ₹5,760","43 days ago - ₹5,760","42 days ago - ₹5,760","41 days ago - ₹5,760","40 days ago - ₹5,760","39 days ago - ₹5,760","38 days ago - ₹5,760","37 days ago - ₹5,760","36 days ago - ₹5,760","35 days ago - ₹5,760","34 days ago - ₹5,760","33 days ago - ₹5,760","32 days ago - ₹5,760","31 days ago - ₹5,760","30 days ago - ₹5,760","29 days ago - ₹5,760","28 days ago - ₹5,760","27 days ago - ₹4,214","26 days ago - ₹4,214","25 days ago - ₹4,214","24 days ago - ₹4,214","23 days ago - ₹5,760","22 days ago - ₹5,760","21 days ago - ₹5,760","20 days ago - ₹5,760","19 days ago - ₹5,760","18 days ago - ₹5,760","17 days ago - ₹5,760","16 days ago - ₹5,760","15 days ago - ₹5,760","14 days ago - ₹5,760","13 days ago - ₹5,760","12 days ago - ₹5,760","11 days ago - ₹5,760","10 days ago - ₹5,760","9 days ago - ₹5,760","8 days ago - ₹5,760","7 days ago - ₹5,760","6 days ago - ₹5,760","5 days ago - ₹5,760","4 days ago - ₹5,760","3 days ago - ₹5,760","2 days ago - ₹5,760","1 day ago - ₹5,760","Today - ₹5,760"
,,,,,,,,,,,,,,,,,,,,,,,,,,,,,,,,,,,,,,,,,,,,,,,,,,,,,,,,,,,,
"60 days ago - ₹5,760","59 days ago - ₹5,760","58 days ago - ₹5,760","57 days ago - ₹5,760","56 days ago - ₹5,760","55 days ago - ₹5,760","54 days ago - ₹5,760","53 days ago - ₹5,760","52 days ago - ₹5,760","51 days ago - ₹5,760","50 days ago - ₹5,760","49 days ago - ₹5,760","48 days ago - ₹5,760","47 days ago - ₹5,760","46 days ago - ₹5,760","45 days ago - ₹5,760","44 days ago - ₹5,760","43 days ago - ₹5,760","42 days ago - ₹5,760","41 days ago - ₹5,760","40 days ago - ₹5,760","39 days ago - ₹5,760","38 days ago - ₹5,760","37 days ago - ₹5,760","36 days ago - ₹5,760","35 days ago - ₹5,760","34 days ago - ₹5,760","33 days ago - ₹5,760","32 days ago - ₹5,760","31 days ago - ₹5,760","30 days ago - ₹5,760","29 days ago - ₹4,824","28 days ago - ₹4,824","27 days ago - ₹4,824","26 days ago - ₹4,214","25 days ago - ₹4,214","24 days ago - ₹4,214","23 days ago - ₹5,760","22 days ago - ₹5,760","21 days ago - ₹5,760","20 days ago - ₹5,760","19 days ago - ₹5,760","18 days ago - ₹5,760","17 days ago - ₹5,760","16 days ago - ₹5,760","15 days ago - ₹5,760","14 days ago - ₹5,760","13 days ago - ₹5,760","12 days ago - ₹5,760","11 days ago - ₹5,760","10 days ago - ₹5,760","9 days ago - ₹5,760","8 days ago - ₹5,760","7 days ago - ₹5,760","6 days ago - ₹5,760","5 days ago - ₹5,760","4 days ago - ₹5,760","3 days ago - ₹5,760","2 days ago - ₹5,760","1 day ago - ₹5,760","Today - ₹5,760"
,,,,,,,,,,,,,,,,,,,,,,,,,,,,,,,,,,,,,,,,,,,,,,,,,,,,,,,,,,,,
,,,,,,,,,,,,,,,,,,,,,,,,,,,,,,,,,,,,,,,,,,,,,,,,,,,,,,,,,,,,
"60 days ago - ₹5,760","59 days ago - ₹5,760","58 days ago - ₹5,760","57 days ago - ₹5,760","56 days ago - ₹5,760","55 days ago - ₹5,760","54 days ago - ₹5,760","53 days ago - ₹5,760","52 days ago - ₹5,760","51 days ago - ₹5,760","50 days ago - ₹5,760","49 days ago - ₹5,760","48 days ago - ₹5,760","47 days ago - ₹5,760","46 days ago - ₹5,760","45 days ago - ₹5,760","44 days ago - ₹5,760","43 days ago - ₹5,760","42 days ago - ₹5,760","41 days ago - ₹5,760","40 days ago - ₹5,760","39 days ago - ₹5,760","38 days ago - ₹5,760","37 days ago - ₹5,760","36 days ago - ₹5,760","35 days ago - ₹5,760","34 days ago - ₹5,760","33 days ago - ₹5,760","32 days ago - ₹5,760","31 days ago - ₹5,760","30 days ago - ₹5,760","29 days ago - ₹5,760","28 days ago - ₹5,760","27 days ago - ₹4,214","26 days ago - ₹4,214","25 days ago - ₹4,214","24 days ago - ₹4,214","23 days ago - ₹5,760","22 days ago - ₹5,760","21 days ago - ₹5,760","20 days ago - ₹5,760","19 days ago - ₹5,760","18 days ago - ₹5,760","17 days ago - ₹5,760","16 days ago - ₹5,760","15 days ago - ₹5,760","14 days ago - ₹5,760","13 days ago - ₹5,760","12 days ago - ₹5,760","11 days ago - ₹5,760","10 days ago - ₹5,760","9 days ago - ₹5,760","8 days ago - ₹5,760","7 days ago - ₹5,760","6 days ago - ₹5,760","5 days ago - ₹5,760","4 days ago - ₹5,760","3 days ago - ₹5,760","2 days ago - ₹5,760","1 day ago - ₹5,760","Today - ₹5,760"
,,,,,,,,,,,,,,,,,,,,,,,,,,,,,,,,,,,,,,,,,,,,,,,,,,,,,,,,,,,,
"60 days ago - ₹5,760","59 days ago - ₹5,760","58 days ago - ₹5,760","57 days ago - ₹5,760","56 days ago - ₹5,760","55 days ago - ₹5,760","54 days ago - ₹5,760","53 days ago - ₹5,760","52 days ago - ₹5,760","51 days ago - ₹5,760","50 days ago - ₹5,760","49 days ago - ₹5,760","48 days ago - ₹5,760","47 days ago - ₹5,760","46 days ago - ₹5,760","45 days ago - ₹5,760","44 days ago - ₹5,760","43 days ago - ₹5,760","42 days ago - ₹5,760","41 days ago - ₹5,760","40 days ago - ₹5,760","39 days ago - ₹5,760","38 days ago - ₹5,760","37 days ago - ₹5,760","36 days ago - ₹5,760","35 days ago - ₹5,760","34 days ago - ₹5,760","33 days ago - ₹5,760","32 days ago - ₹5,760","31 days ago - ₹5,760","30 days ago - ₹5,760","29 days ago - ₹5,760","28 days ago - ₹5,760","27 days ago - ₹4,214","26 days ago - ₹4,214","25 days ago - ₹4,214","24 days ago - ₹4,214","23 days ago - ₹5,760","22 days ago - ₹5,760","21 days ago - ₹5,760","20 days ago - ₹5,760","19 days ago - ₹5,760","18 days ago - ₹5,760","17 days ago - ₹5,760","16 days ago - ₹5,760","15 days ago - ₹5,760","14 days ago - ₹5,760","13 days ago - ₹5,760","12 days ago - ₹5,760","11 days ago - ₹5,760","10 days ago - ₹5,760","9 days ago - ₹5,760","8 days ago - ₹5,760","7 days ago - ₹5,760","6 days ago - ₹5,760","5 days ago - ₹5,760","4 days ago - ₹5,760","3 days ago - ₹5,760","2 days ago - ₹5,760","1 day ago - ₹5,760","Today - ₹5,760"
,,,,,,,,,,,,,,,,,,,,,,,,,,,,,,,,,,,,,,,,,,,,,,,,,,,,,,,,,,,,
"60 days ago - ₹5,760","59 days ago - ₹5,760","58 days ago - ₹5,760","57 days ago - ₹5,760","56 days ago - ₹5,760","55 days ago - ₹5,760","54 days ago - ₹5,760","53 days ago - ₹5,760","52 days ago - ₹5,760","51 days ago - ₹5,760","50 days ago - ₹5,760","49 days ago - ₹5,760","48 days ago - ₹5,760","47 days ago - ₹5,760","46 days ago - ₹5,760","45 days ago - ₹5,760","44 days ago - ₹5,760","43 days ago - ₹5,760","42 days ago - ₹5,760","41 days ago - ₹5,760","40 days ago - ₹5,760","39 days ago - ₹5,760","38 days ago - ₹5,760","37 days ago - ₹5,760","36 days ago - ₹5,760","35 days ago - ₹5,760","34 days ago - ₹5,760","33 days ago - ₹5,760","32 days ago - ₹5,760","31 days ago - ₹5,760","30 days ago - ₹5,760","29 days ago - ₹4,614","28 days ago - ₹4,614","27 days ago - ₹4,214","26 days ago - ₹4,214","25 days ago - ₹4,214","24 days ago - ₹5,760","23 days ago - ₹5,760","22 days ago - ₹5,760","21 days ago - ₹5,760","20 days ago - ₹5,760","19 days ago - ₹5,760","18 days ago - ₹5,760","17 days ago - ₹5,760","16 days ago - ₹5,760","15 days ago - ₹5,760","14 days ago - ₹5,760","13 days ago - ₹5,760","12 days ago - ₹5,760","11 days ago - ₹5,760","10 days ago - ₹5,760","9 days ago - ₹5,760","8 days ago - ₹5,760","7 days ago - ₹5,760","6 days ago - ₹5,760","5 days ago - ₹5,760","4 days ago - ₹5,760","3 days ago - ₹5,760","2 days ago - ₹5,760","1 day ago - ₹5,760","Today - ₹5,760"
,,,,,,,,,,,,,,,,,,,,,,,,,,,,,,,,,,,,,,,,,,,,,,,,,,,,,,,,,,,,
,,,,,,,,,,,,,,,,,,,,,,,,,,,,,,,,,,,,,,,,,,,,,,,,,,,,,,,,,,,,
"60 days ago - ₹5,760","59 days ago - ₹5,760","58 days ago - ₹5,760","57 days ago - ₹5,760","56 days ago - ₹5,760","55 days ago - ₹5,760","54 days ago - ₹5,760","53 days ago - ₹5,760","52 days ago - ₹5,760","51 days ago - ₹5,760","50 days ago - ₹5,760","49 days ago - ₹5,760","48 days ago - ₹5,760","47 days ago - ₹5,760","46 days ago - ₹5,760","45 days ago - ₹5,760","44 days ago - ₹5,760","43 days ago - ₹5,760","42 days ago - ₹5,760","41 days ago - ₹5,760","40 days ago - ₹5,760","39 days ago - ₹5,760","38 days ago - ₹5,760","37 days ago - ₹5,760","36 days ago - ₹5,760","35 days ago - ₹5,760","34 days ago - ₹5,760","33 days ago - ₹5,760","32 days ago - ₹5,760","31 days ago - ₹5,760","30 days ago - ₹5,760","29 days ago - ₹5,760","28 days ago - ₹5,760","27 days ago - ₹4,214","26 days ago - ₹4,214","25 days ago - ₹4,214","24 days ago - ₹4,214","23 days ago - ₹5,760","22 days ago - ₹5,760","21 days ago - ₹5,760","20 days ago - ₹5,760","19 days ago - ₹5,760","18 days ago - ₹5,760","17 days ago - ₹5,760","16 days ago - ₹5,760","15 days ago - ₹5,760","14 days ago - ₹5,760","13 days ago - ₹5,760","12 days ago - ₹5,760","11 days ago - ₹5,760","10 days ago - ₹5,760","9 days ago - ₹5,760","8 days ago - ₹5,760","7 days ago - ₹5,760","6 days ago - ₹5,760","5 days ago - ₹5,760","4 days ago - ₹5,760","3 days ago - ₹5,760","2 days ago - ₹5,760","1 day ago - ₹5,760","Today - ₹5,760"
,,,,,,,,,,,,,,,,,,,,,,,,,,,,,,,,,,,,,,,,,,,,,,,,,,,,,,,,,,,,
"60 days ago - ₹5,760","59 days ago - ₹5,760","58 days ago - ₹5,760","57 days ago - ₹5,760","56 days ago - ₹5,760","55 days ago - ₹5,760","54 days ago - ₹5,760","53 days ago - ₹5,760","52 days ago - ₹5,760","51 days ago - ₹5,760","50 days ago - ₹5,760","49 days ago - ₹5,760","48 days ago - ₹5,760","47 days ago - ₹5,760","46 days ago - ₹5,760","45 days ago - ₹5,760","44 days ago - ₹5,760","43 days ago - ₹5,760","42 days ago - ₹5,760","41 days ago - ₹5,760","40 days ago - ₹5,760","39 days ago - ₹5,760","38 days ago - ₹5,760","37 days ago - ₹5,760","36 days ago - ₹5,760","35 days ago - ₹5,760","34 days ago - ₹5,760","33 days ago - ₹5,760","32 days ago - ₹5,760","31 days ago - ₹5,760","30 days ago - ₹5,760","29 days ago - ₹5,760","28 days ago - ₹5,760","27 days ago - ₹4,214","26 days ago - ₹4,214","25 days ago - ₹4,214","24 days ago - ₹4,214","23 days ago - ₹5,760","22 days ago - ₹5,760","21 days ago - ₹5,760","20 days ago - ₹5,760","19 days ago - ₹5,760","18 days ago - ₹5,760","17 days ago - ₹5,760","16 days ago - ₹5,760","15 days ago - ₹5,760","14 days ago - ₹5,760","13 days ago - ₹5,760","12 days ago - ₹5,760","11 days ago - ₹5,760","10 days ago - ₹5,760","9 days ago - ₹5,760","8 days ago - ₹5,760","7 days ago - ₹5,760","6 days ago - ₹5,760","5 days ago - ₹5,760","4 days ago - ₹5,760","3 days ago - ₹5,760","2 days ago - ₹5,760","1 day ago - ₹5,760","Today - ₹5,760"
,,,,,,,,,,,,,,,,,,,,,,,,,,,,,,,,,,,,,,,,,,,,,,,,,,,,,,,,,,,,
"60 days ago - ₹5,760","59 days ago - ₹5,760","58 days ago - ₹5,760","57 days ago - ₹5,760","56 days ago - ₹5,760","55 days ago - ₹5,760","54 days ago - ₹5,760","53 days ago - ₹5,760","52 days ago - ₹5,760","51 days ago - ₹5,760","50 days ago - ₹5,760","49 days ago - ₹5,760","48 days ago - ₹5,760","47 days ago - ₹5,760","46 days ago - ₹5,760","45 days ago - ₹5,760","44 days ago - ₹5,760","43 days ago - ₹5,760","42 days ago - ₹5,760","41 days ago - ₹5,760","40 days ago - ₹5,760","39 days ago - ₹5,760","38 days ago - ₹5,760","37 days ago - ₹5,760","36 days ago - ₹5,760","35 days ago - ₹5,760","34 days ago - ₹5,760","33 days ago - ₹5,760","32 days ago - ₹5,760","31 days ago - ₹5,760","30 days ago - ₹5,760","29 days ago - ₹5,760","28 days ago - ₹5,614","27 days ago - ₹5,614","26 days ago - ₹5,614","25 days ago - ₹5,614","24 days ago - ₹5,614","23 days ago - ₹5,760","22 days ago - ₹5,760","21 days ago - ₹5,760","20 days ago - ₹5,760","19 days ago - ₹5,760","18 days ago - ₹5,760","17 days ago - ₹5,760","16 days ago - ₹5,760","15 days ago - ₹5,760","14 days ago - ₹5,760","13 days ago - ₹5,760","12 days ago - ₹5,760","11 days ago - ₹5,760","10 days ago - ₹5,760","9 days ago - ₹5,760","8 days ago - ₹5,760","7 days ago - ₹5,760","6 days ago - ₹5,760","5 days ago - ₹5,760","4 days ago - ₹5,760","3 days ago - ₹5,760","2 days ago - ₹5,760","1 day ago - ₹5,760","Today - ₹5,760"
,,,,,,,,,,,,,,,,,,,,,,,,,,,,,,,,,,,,,,,,,,,,,,,,,,,,,,,,,,,,
,,,,,,,,,,,,,,,,,,,,,,,,,,,,,,,,,,,,,,,,,,,,,,,,,,,,,,,,,,,,
"60 days ago - ₹5,760","59 days ago - ₹5,760","58 days ago - ₹5,760","57 days ago - ₹5,760","56 days ago - ₹5,760","55 days ago - ₹5,760","54 days ago - ₹5,760","53 days ago - ₹5,760","52 days ago - ₹5,760","51 days ago - ₹5,760","50 days ago - ₹5,760","49 days ago - ₹5,760","48 days ago - ₹5,760","47 days ago - ₹5,760","46 days ago - ₹5,760","45 days ago - ₹5,760","44 days ago - ₹5,760","43 days ago - ₹5,760","42 days ago - ₹5,760","41 days ago - ₹5,760","40 days ago - ₹5,760","39 days ago - ₹5,760","38 days ago - ₹5,760","37 days ago - ₹5,760","36 days ago - ₹5,760","35 days ago - ₹5,760","34 days ago - ₹5,760","33 days ago - ₹5,760","32 days ago - ₹5,760","31 days ago - ₹5,760","30 days ago - ₹5,760","29 days ago - ₹5,760","28 days ago - ₹5,760","27 days ago - ₹4,214","26 days ago - ₹4,214","25 days ago - ₹4,214","24 days ago - ₹4,214","23 days ago - ₹4,214","22 days ago - ₹5,760","21 days ago - ₹5,760","20 days ago - ₹5,760","19 days ago - ₹5,760","18 days ago - ₹5,760","17 days ago - ₹5,760","16 days ago - ₹5,760","15 days ago - ₹5,760","14 days ago - ₹5,760","13 days ago - ₹5,760","12 days ago - ₹5,760","11 days ago - ₹5,760","10 days ago - ₹5,760","9 days ago - ₹5,760","8 days ago - ₹5,760","7 days ago - ₹5,760","6 days ago - ₹5,760","5 days ago - ₹5,760","4 days ago - ₹5,760","3 days ago - ₹5,760","2 days ago - ₹5,760","1 day ago - ₹5,760","Today - ₹5,760"
,,,,,,,,,,,,,,,,,,,,,,,,,,,,,,,,,,,,,,,,,,,,,,,,,,,,,,,,,,,,
"60 days ago - ₹5,760","59 days ago - ₹5,760","58 days ago - ₹5,760","57 days ago - ₹5,760","56 days ago - ₹5,760","55 days ago - ₹5,760","54 days ago - ₹5,760","53 days ago - ₹5,760","52 days ago - ₹5,760","51 days ago - ₹5,760","50 days ago - ₹5,760","49 days ago - ₹5,760","48 days ago - ₹5,760","47 days ago - ₹5,760","46 days ago - ₹5,760","45 days ago - ₹5,760","44 days ago - ₹5,760","43 days ago - ₹5,760","42 days ago - ₹5,760","41 days ago - ₹5,760","40 days ago - ₹5,760","39 days ago - ₹5,760","38 days ago - ₹5,760","37 days ago - ₹5,760","36 days ago - ₹5,760","35 days ago - ₹5,760","34 days ago - ₹5,760","33 days ago - ₹5,760","32 days ago - ₹5,760","31 days ago - ₹5,760","30 days ago - ₹5,760","29 days ago - ₹5,760","28 days ago - ₹5,760","27 days ago - ₹4,214","26 days ago - ₹4,214","25 days ago - ₹4,214","24 days ago - ₹4,214","23 days ago - ₹5,760","22 days ago - ₹5,760","21 days ago - ₹5,760","20 days ago - ₹5,760","19 days ago - ₹5,760","18 days ago - ₹5,760","17 days ago - ₹5,760","16 days ago - ₹5,760","15 days ago - ₹5,760","14 days ago - ₹5,760","13 days ago - ₹5,760","12 days ago - ₹5,760","11 days ago - ₹5,760","10 days ago - ₹5,760","9 days ago - ₹5,760","8 days ago - ₹5,760","7 days ago - ₹5,760","6 days ago - ₹5,760","5 days ago - ₹5,760","4 days ago - ₹5,760","3 days ago - ₹5,760","2 days ago - ₹5,760","1 day ago - ₹5,760","Today - ₹5,760"
,,,,,,,,,,,,,,,,,,,,,,,,,,,,,,,,,,,,,,,,,,,,,,,,,,,,,,,,,,,,
"60 days ago - ₹5,760","59 days ago - ₹5,760","58 days ago - ₹5,760","57 days ago - ₹5,760","56 days ago - ₹5,760","55 days ago - ₹5,760","54 days ago - ₹5,760","53 days ago - ₹5,760","52 days ago - ₹5,760","51 days ago - ₹5,760","50 days ago - ₹5,760","49 days ago - ₹5,760","48 days ago - ₹5,760","47 days ago - ₹5,760","46 days ago - ₹5,760","45 days ago - ₹5,760","44 days ago - ₹5,760","43 days ago - ₹5,760","42 days ago - ₹5,760","41 days ago - ₹5,760","40 days ago - ₹5,760","39 days ago - ₹5,760","38 days ago - ₹5,760","37 days ago - ₹5,760","36 days ago - ₹5,760","35 days ago - ₹5,760","34 days ago - ₹5,760","33 days ago - ₹5,760","32 days ago - ₹5,760","31 days ago - ₹5,760","30 days ago - ₹5,760","29 days ago - ₹5,760","28 days ago - ₹5,760","27 days ago - ₹4,214","26 days ago - ₹4,214","25 days ago - ₹4,214","24 days ago - ₹4,214","23 days ago - ₹5,760","22 days ago - ₹5,760","21 days ago - ₹5,760","20 days ago - ₹5,760","19 days ago - ₹5,760","18 days ago - ₹5,760","17 days ago - ₹5,760","16 days ago - ₹5,760","15 days ago - ₹5,760","14 days ago - ₹5,760","13 days ago - ₹5,760","12 days ago - ₹5,760","11 days ago - ₹5,760","10 days ago - ₹5,760","9 days ago - ₹5,760","8 days ago - ₹5,760","7 days ago - ₹5,760","6 days ago - ₹5,760","5 days ago - ₹5,760","4 days ago - ₹5,760","3 days ago - ₹5,760","2 days ago - ₹5,760","1 day ago - ₹5,760","Today - ₹5,760"
,,,,,,,,,,,,,,,,,,,,,,,,,,,,,,,,,,,,,,,,,,,,,,,,,,,,,,,,,,,,
,,,,,,,,,,,,,,,,,,,,,,,,,,,,,,,,,,,,,,,,,,,,,,,,,,,,,,,,,,,,
"60 days ago - ₹5,760","59 days ago - ₹5,760","58 days ago - ₹5,760","57 days ago - ₹5,760","56 days ago - ₹5,760","55 days ago - ₹5,760","54 days ago - ₹5,760","53 days ago - ₹5,760","52 days ago - ₹5,760","51 days ago - ₹5,760","50 days ago - ₹5,760","49 days ago - ₹5,760","48 days ago - ₹5,760","47 days ago - ₹5,760","46 days ago - ₹5,760","45 days ago - ₹5,760","44 days ago - ₹5,760","43 days ago - ₹5,760","42 days ago - ₹5,760","41 days ago - ₹5,760","40 days ago - ₹5,760","39 days ago - ₹5,760","38 days ago - ₹5,760","37 days ago - ₹5,760","36 days ago - ₹5,760","35 days ago - ₹5,760","34 days ago - ₹5,760","33 days ago - ₹5,760","32 days ago - ₹5,760","31 days ago - ₹5,760","30 days ago - ₹5,760","29 days ago - ₹5,760","28 days ago - ₹5,760","27 days ago - ₹5,760","26 days ago - ₹4,214","25 days ago - ₹4,214","24 days ago - ₹4,214","23 days ago - ₹4,214","22 days ago - ₹4,214","21 days ago - ₹5,760","20 days ago - ₹5,760","19 days ago - ₹5,760","18 days ago - ₹5,760","17 days ago - ₹5,760","16 days ago - ₹5,760","15 days ago - ₹5,760","14 days ago - ₹5,760","13 days ago - ₹5,760","12 days ago - ₹5,760","11 days ago - ₹5,760","10 days ago - ₹5,760","9 days ago - ₹5,760","8 days ago - ₹5,760","7 days ago - ₹5,760","6 days ago - ₹5,760","5 days ago - ₹5,760","4 days ago - ₹5,760","3 days ago - ₹5,760","2 days ago - ₹5,760","1 day ago - ₹5,760","Today - ₹5,760"
,,,,,,,,,,,,,,,,,,,,,,,,,,,,,,,,,,,,,,,,,,,,,,,,,,,,,,,,,,,,
"60 days ago - ₹5,760","59 days ago - ₹5,760","58 days ago - ₹5,760","57 days ago - ₹5,760","56 days ago - ₹5,760","55 days ago - ₹5,760","54 days ago - ₹5,760","53 days ago - ₹5,760","52 days ago - ₹5,760","51 days ago - ₹5,760","50 days ago - ₹5,760","49 days ago - ₹5,760","48 days ago - ₹5,760","47 days ago - ₹5,760","46 days ago - ₹5,760","45 days ago - ₹5,760","44 days ago - ₹5,760","43 days ago - ₹5,760","42 days ago - ₹5,760","41 days ago - ₹5,760","40 days ago - ₹5,760","39 days ago - ₹5,760","38 days ago - ₹5,760","37 days ago - ₹5,760","36 days ago - ₹5,760","35 days ago - ₹5,760","34 days ago - ₹5,760","33 days ago - ₹5,760","32 days ago - ₹5,760","31 days ago - ₹5,760","30 days ago - ₹5,760","29 days ago - ₹5,760","28 days ago - ₹5,760","27 days ago - ₹4,214","26 days ago - ₹4,214","25 days ago - ₹4,214","24 days ago - ₹4,214","23 days ago - ₹5,760","22 days ago - ₹5,760","21 days ago - ₹5,760","20 days ago - ₹5,760","19 days ago - ₹5,760","18 days ago - ₹5,760","17 days ago - ₹5,760","16 days ago - ₹5,760","15 days ago - ₹5,760","14 days ago - ₹5,760","13 days ago - ₹5,760","12 days ago - ₹5,760","11 days ago - ₹5,760","10 days ago - ₹5,760","9 days ago - ₹5,760","8 days ago - ₹5,760","7 days ago - ₹5,760","6 days ago - ₹5,760","5 days ago - ₹5,760","4 days ago - ₹5,760","3 days ago - ₹5,760","2 days ago - ₹5,760","1 day ago - ₹5,760","Today - ₹5,760"
,,,,,,,,,,,,,,,,,,,,,,,,,,,,,,,,,,,,,,,,,,,,,,,,,,,,,,,,,,,,
"60 days ago - ₹5,760","59 days ago - ₹5,760","58 days ago - ₹5,760","57 days ago - ₹5,760","56 days ago - ₹5,760","55 days ago - ₹5,760","54 days ago - ₹5,760","53 days ago - ₹5,760","52 days ago - ₹5,760","51 days ago - ₹5,760","50 days ago - ₹5,760","49 days ago - ₹5,760","48 days ago - ₹5,760","47 days ago - ₹5,760","46 days ago - ₹5,760","45 days ago - ₹5,760","44 days ago - ₹5,760","43 days ago - ₹5,760","42 days ago - ₹5,760","41 days ago - ₹5,760","40 days ago - ₹5,760","39 days ago - ₹5,760","38 days ago - ₹5,760","37 days ago - ₹5,760","36 days ago - ₹5,760","35 days ago - ₹5,760","34 days ago - ₹5,760","33 days ago - ₹5,760","32 days ago - ₹5,760","31 days ago - ₹5,760","30 days ago - ₹5,760","29 days ago - ₹5,760","28 days ago - ₹5,760","27 days ago - ₹4,214","26 days ago - ₹4,214","25 days ago - ₹4,214","24 days ago - ₹4,214","23 days ago - ₹5,760","22 days ago - ₹5,760","21 days ago - ₹5,760","20 days ago - ₹5,760","19 days ago - ₹5,760","18 days ago - ₹5,760","17 days ago - ₹5,760","16 days ago - ₹5,760","15 days ago - ₹5,760","14 days ago - ₹5,760","13 days ago - ₹5,760","12 days ago - ₹5,760","11 days ago - ₹5,760","10 days ago - ₹5,760","9 days ago - ₹5,760","8 days ago - ₹5,760","7 days ago - ₹5,760","6 days ago - ₹5,760","5 days ago - ₹5,760","4 days ago - ₹5,760","3 days ago - ₹5,760","2 days ago - ₹5,760","1 day ago - ₹5,760","Today - ₹5,760"
,,,,,,,,,,,,,,,,,,,,,,,,,,,,,,,,,,,,,,,,,,,,,,,,,,,,,,,,,,,,
,,,,,,,,,,,,,,,,,,,,,,,,,,,,,,,,,,,,,,,,,,,,,,,,,,,,,,,,,,,,
"60 days ago - ₹5,760","59 days ago - ₹5,760","58 days ago - ₹5,760","57 days ago - ₹5,760","56 days ago - ₹5,760","55 days ago - ₹5,760","54 days ago - ₹5,760","53 days ago - ₹5,760","52 days ago - ₹5,760","51 days ago - ₹5,760","50 days ago - ₹5,760","49 days ago - ₹5,760","48 days ago - ₹5,760","47 days ago - ₹5,760","46 days ago - ₹5,760","45 days ago - ₹5,760","44 days ago - ₹5,760","43 days ago - ₹5,760","42 days ago - ₹5,760","41 days ago - ₹5,760","40 days ago - ₹5,760","39 days ago - ₹5,760","38 days ago - ₹5,760","37 days ago - ₹5,760","36 days ago - ₹5,760","35 days ago - ₹5,760","34 days ago - ₹5,760","33 days ago - ₹5,760","32 days ago - ₹5,760","31 days ago - ₹5,760","30 days ago - ₹5,760","29 days ago - ₹5,760","28 days ago - ₹5,614","27 days ago - ₹5,614","26 days ago - ₹5,614","25 days ago - ₹5,614","24 days ago - ₹5,614","23 days ago - ₹5,760","22 days ago - ₹5,760","21 days ago - ₹5,760","20 days ago - ₹5,760","19 days ago - ₹5,760","18 days ago - ₹5,760","17 days ago - ₹5,760","16 days ago - ₹5,760","15 days ago - ₹5,760","14 days ago - ₹5,760","13 days ago - ₹5,760","12 days ago - ₹5,760","11 days ago - ₹5,760","10 days ago - ₹5,760","9 days ago - ₹5,760","8 days ago - ₹5,760","7 days ago - ₹5,760","6 days ago - ₹5,760","5 days ago - ₹5,760","4 days ago - ₹5,760","3 days ago - ₹5,760","2 days ago - ₹5,760","1 day ago - ₹5,760","Today - ₹5,760"
,,,,,,,,,,,,,,,,,,,,,,,,,,,,,,,,,,,,,,,,,,,,,,,,,,,,,,,,,,,,
"60 days ago - ₹5,760","59 days ago - ₹5,760","58 days ago - ₹5,760","57 days ago - ₹5,760","56 days ago - ₹5,760","55 days ago - ₹5,760","54 days ago - ₹5,760","53 days ago - ₹5,760","52 days ago - ₹5,760","51 days ago - ₹5,760","50 days ago - ₹5,760","49 days ago - ₹5,760","48 days ago - ₹5,760","47 days ago - ₹5,760","46 days ago - ₹5,760","45 days ago - ₹5,760","44 days ago - ₹5,760","43 days ago - ₹5,760","42 days ago - ₹5,760","41 days ago - ₹5,760","40 days ago - ₹5,760","39 days ago - ₹5,760","38 days ago - ₹5,760","37 days ago - ₹5,760","36 days ago - ₹5,760","35 days ago - ₹5,760","34 days ago - ₹5,760","33 days ago - ₹5,760","32 days ago - ₹5,760","31 days ago - ₹5,760","30 days ago - ₹5,760","29 days ago - ₹5,760","28 days ago - ₹5,614","27 days ago - ₹5,614","26 days ago - ₹5,614","25 days ago - ₹5,614","24 days ago - ₹5,760","23 days ago - ₹5,760","22 days ago - ₹5,760","21 days ago - ₹5,760","20 days ago - ₹5,760","19 days ago - ₹5,760","18 days ago - ₹5,760","17 days ago - ₹5,760","16 days ago - ₹5,760","15 days ago - ₹5,760","14 days ago - ₹5,760","13 days ago - ₹5,760","12 days ago - ₹5,760","11 days ago - ₹5,760","10 days ago - ₹5,760","9 days ago - ₹5,760","8 days ago - ₹5,760","7 days ago - ₹5,760","6 days ago - ₹5,760","5 days ago - ₹5,760","4 days ago - ₹5,760","3 days ago - ₹5,760","2 days ago - ₹5,760","1 day ago - ₹5,760","Today - ₹5,760"
,,,,,,,,,,,,,,,,,,,,,,,,,,,,,,,,,,,,,,,,,,,,,,,,,,,,,,,,,,,,
"60 days ago - ₹5,760","59 days ago - ₹5,760","58 days ago - ₹5,760","57 days ago - ₹5,760","56 days ago - ₹5,760","55 days ago - ₹5,760","54 days ago - ₹5,760","53 days ago - ₹5,760","52 days ago - ₹5,760","51 days ago - ₹5,760","50 days ago - ₹5,760","49 days ago - ₹5,760","48 days ago - ₹5,760","47 days ago - ₹5,760","46 days ago - ₹5,760","45 days ago - ₹5,760","44 days ago - ₹5,760","43 days ago - ₹5,760","42 days ago - ₹5,760","41 days ago - ₹5,760","40 days ago - ₹5,760","39 days ago - ₹5,760","38 days ago - ₹5,760","37 days ago - ₹5,760","36 days ago - ₹5,760","35 days ago - ₹5,760","34 days ago - ₹5,760","33 days ago - ₹5,760","32 days ago - ₹5,760","31 days ago - ₹5,760","30 days ago - ₹5,760","29 days ago - ₹4,614","28 days ago - ₹4,614","27 days ago - ₹4,614","26 days ago - ₹4,614","25 days ago - ₹4,614","24 days ago - ₹5,760","23 days ago - ₹5,760","22 days ago - ₹5,760","21 days ago - ₹5,760","20 days ago - ₹5,760","19 days ago - ₹5,760","18 days ago - ₹5,760","17 days ago - ₹5,760","16 days ago - ₹5,760","15 days ago - ₹5,760","14 days ago - ₹5,760","13 days ago - ₹5,760","12 days ago - ₹5,760","11 days ago - ₹5,760","10 days ago - ₹5,760","9 days ago - ₹5,760","8 days ago - ₹5,760","7 days ago - ₹5,760","6 days ago - ₹5,760","5 days ago - ₹5,760","4 days ago - ₹5,760","3 days ago - ₹5,760","2 days ago - ₹5,760","1 day ago - ₹5,760","Today - ₹5,760"
,,,,,,,,,,,,,,,,,,,,,,,,,,,,,,,,,,,,,,,,,,,,,,,,,,,,,,,,,,,,
,,,,,,,,,,,,,,,,,,,,,,,,,,,,,,,,,,,,,,,,,,,,,,,,,,,,,,,,,,,,
"60 days ago - ₹5,796","59 days ago - ₹5,796","58 days ago - ₹5,796","57 days ago - ₹5,796","56 days ago - ₹5,796","55 days ago - ₹5,796","54 days ago - ₹5,796","53 days ago - ₹5,796","52 days ago - ₹5,796","51 days ago - ₹5,796","50 days ago - ₹5,796","49 days ago - ₹5,796","48 days ago - ₹5,796","47 days ago - ₹5,796","46 days ago - ₹5,796","45 days ago - ₹5,796","44 days ago - ₹5,796","43 days ago - ₹5,796","42 days ago - ₹5,796","41 days ago - ₹5,796","40 days ago - ₹5,796","39 days ago - ₹5,796","38 days ago - ₹5,796","37 days ago - ₹5,796","36 days ago - ₹5,796","35 days ago - ₹5,796","34 days ago - ₹5,796","33 days ago - ₹5,796","32 days ago - ₹5,796","31 days ago - ₹5,796","30 days ago - ₹5,796","29 days ago - ₹5,796","28 days ago - ₹5,796","27 days ago - ₹5,796","26 days ago - ₹5,796","25 days ago - ₹5,796","24 days ago - ₹5,796","23 days ago - ₹5,796","22 days ago - ₹5,796","21 days ago - ₹5,796","20 days ago - ₹5,796","19 days ago - ₹5,796","18 days ago - ₹5,796","17 days ago - ₹5,796","16 days ago - ₹5,796","15 days ago - ₹5,796","14 days ago - ₹5,796","13 days ago - ₹5,796","12 days ago - ₹5,796","11 days ago - ₹5,796","10 days ago - ₹5,796","9 days ago - ₹5,796","8 days ago - ₹5,796","7 days ago - ₹5,796","6 days ago - ₹5,796","5 days ago - ₹5,796","4 days ago - ₹5,796","3 days ago - ₹5,796","2 days ago - ₹5,796","1 day ago - ₹5,796","Today - ₹5,796"
,,,,,,,,,,,,,,,,,,,,,,,,,,,,,,,,,,,,,,,,,,,,,,,,,,,,,,,,,,,,
"60 days ago - ₹5,796","59 days ago - ₹5,796","58 days ago - ₹5,796","57 days ago - ₹5,796","56 days ago - ₹5,796","55 days ago - ₹5,796","54 days ago - ₹5,796","53 days ago - ₹5,796","52 days ago - ₹5,796","51 days ago - ₹5,796","50 days ago - ₹5,796","49 days ago - ₹5,796","48 days ago - ₹5,796","47 days ago - ₹5,796","46 days ago - ₹5,796","45 days ago - ₹5,796","44 days ago - ₹5,796","43 days ago - ₹5,796","42 days ago - ₹5,796","41 days ago - ₹5,796","40 days ago - ₹5,796","39 days ago - ₹5,796","38 days ago - ₹5,796","37 days ago - ₹5,796","36 days ago - ₹5,796","35 days ago - ₹5,796","34 days ago - ₹5,796","33 days ago - ₹5,796","32 days ago - ₹5,796","31 days ago - ₹5,796","30 days ago - ₹5,796","29 days ago - ₹5,796","28 days ago - ₹5,796","27 days ago - ₹5,796","26 days ago - ₹5,796","25 days ago - ₹5,796","24 days ago - ₹5,796","23 days ago - ₹5,796","22 days ago - ₹5,796","21 days ago - ₹5,796","20 days ago - ₹5,796","19 days ago - ₹5,796","18 days ago - ₹5,796","17 days ago - ₹5,796","16 days ago - ₹5,796","15 days ago - ₹5,796","14 days ago - ₹5,796","13 days ago - ₹5,796","12 days ago - ₹5,796","11 days ago - ₹5,796","10 days ago - ₹5,796","9 days ago - ₹5,796","8 days ago - ₹5,796","7 days ago - ₹5,796","6 days ago - ₹5,796","5 days ago - ₹5,796","4 days ago - ₹5,796","3 days ago - ₹5,796","2 days ago - ₹5,796","1 day ago - ₹5,796","Today - ₹5,796"
,,,,,,,,,,,,,,,,,,,,,,,,,,,,,,,,,,,,,,,,,,,,,,,,,,,,,,,,,,,,
"60 days ago - ₹5,796","59 days ago - ₹5,796","58 days ago - ₹5,796","57 days ago - ₹5,796","56 days ago - ₹5,796","55 days ago - ₹5,796","54 days ago - ₹5,796","53 days ago - ₹5,796","52 days ago - ₹5,796","51 days ago - ₹5,796","50 days ago - ₹5,796","49 days ago - ₹5,796","48 days ago - ₹5,796","47 days ago - ₹5,796","46 days ago - ₹5,796","45 days ago - ₹5,796","44 days ago - ₹5,796","43 days ago - ₹5,796","42 days ago - ₹5,796","41 days ago - ₹5,796","40 days ago - ₹5,796","39 days ago - ₹5,796","38 days ago - ₹5,796","37 days ago - ₹5,796","36 days ago - ₹5,796","35 days ago - ₹5,796","34 days ago - ₹5,796","33 days ago - ₹5,796","32 days ago - ₹5,796","31 days ago - ₹5,796","30 days ago - ₹5,796","29 days ago - ₹5,796","28 days ago - ₹5,796","27 days ago - ₹5,796","26 days ago - ₹5,796","25 days ago - ₹5,796","24 days ago - ₹5,796","23 days ago - ₹5,796","22 days ago - ₹5,796","21 days ago - ₹5,796","20 days ago - ₹5,796","19 days ago - ₹5,796","18 days ago - ₹5,796","17 days ago - ₹5,796","16 days ago - ₹5,796","15 days ago - ₹5,796","14 days ago - ₹5,796","13 days ago - ₹5,796","12 days ago - ₹5,796","11 days ago - ₹5,796","10 days ago - ₹5,796","9 days ago - ₹5,796","8 days ago - ₹5,796","7 days ago - ₹5,796","6 days ago - ₹5,796","5 days ago - ₹5,796","4 days ago - ₹5,796","3 days ago - ₹5,796","2 days ago - ₹5,796","1 day ago - ₹5,796","Today - ₹5,796"
,,,,,,,,,,,,,,,,,,,,,,,,,,,,,,,,,,,,,,,,,,,,,,,,,,,,,,,,,,,,
,,,,,,,,,,,,,,,,,,,,,,,,,,,,,,,,,,,,,,,,,,,,,,,,,,,,,,,,,,,,
"60 days ago - ₹5,796","59 days ago - ₹5,796","58 days ago - ₹5,796","57 days ago - ₹5,796","56 days ago - ₹5,796","55 days ago - ₹5,796","54 days ago - ₹5,796","53 days ago - ₹5,796","52 days ago - ₹5,796","51 days ago - ₹5,796","50 days ago - ₹5,796","49 days ago - ₹5,796","48 days ago - ₹5,796","47 days ago - ₹5,796","46 days ago - ₹5,796","45 days ago - ₹5,796","44 days ago - ₹5,796","43 days ago - ₹5,796","42 days ago - ₹5,796","41 days ago - ₹5,796","40 days ago - ₹5,796","39 days ago - ₹5,796","38 days ago - ₹5,796","37 days ago - ₹5,796","36 days ago - ₹5,796","35 days ago - ₹5,796","34 days ago - ₹5,796","33 days ago - ₹5,796","32 days ago - ₹5,796","31 days ago - ₹5,796","30 days ago - ₹5,796","29 days ago - ₹5,796","28 days ago - ₹5,796","27 days ago - ₹5,796","26 days ago - ₹5,796","25 days ago - ₹5,796","24 days ago - ₹5,796","23 days ago - ₹5,796","22 days ago - ₹5,796","21 days ago - ₹5,796","20 days ago - ₹5,796","19 days ago - ₹5,796","18 days ago - ₹5,796","17 days ago - ₹5,796","16 days ago - ₹5,796","15 days ago - ₹5,796","14 days ago - ₹5,796","13 days ago - ₹5,796","12 days ago - ₹5,796","11 days ago - ₹5,796","10 days ago - ₹5,796","9 days ago - ₹5,796","8 days ago - ₹5,796","7 days ago - ₹5,796","6 days ago - ₹5,796","5 days ago - ₹5,796","4 days ago - ₹5,796","3 days ago - ₹5,796","2 days ago - ₹5,796","1 day ago - ₹5,796","Today - ₹5,796"
,,,,,,,,,,,,,,,,,,,,,,,,,,,,,,,,,,,,,,,,,,,,,,,,,,,,,,,,,,,,
"60 days ago - ₹5,796","59 days ago - ₹5,796","58 days ago - ₹5,796","57 days ago - ₹5,796","56 days ago - ₹5,796","55 days ago - ₹5,796","54 days ago - ₹5,796","53 days ago - ₹5,796","52 days ago - ₹5,796","51 days ago - ₹5,796","50 days ago - ₹5,796","49 days ago - ₹5,796","48 days ago - ₹5,796","47 days ago - ₹5,796","46 days ago - ₹5,796","45 days ago - ₹5,796","44 days ago - ₹5,796","43 days ago - ₹5,796","42 days ago - ₹5,796","41 days ago - ₹5,796","40 days ago - ₹5,796","39 days ago - ₹5,796","38 days ago - ₹5,796","37 days ago - ₹5,796","36 days ago - ₹5,796","35 days ago - ₹5,796","34 days ago - ₹5,796","33 days ago - ₹5,796","32 days ago - ₹5,796","31 days ago - ₹5,796","30 days ago - ₹5,796","29 days ago - ₹5,796","28 days ago - ₹5,796","27 days ago - ₹5,796","26 days ago - ₹5,796","25 days ago - ₹5,796","24 days ago - ₹5,796","23 days ago - ₹5,796","22 days ago - ₹5,796","21 days ago - ₹5,796","20 days ago - ₹5,796","19 days ago - ₹5,796","18 days ago - ₹5,796","17 days ago - ₹5,796","16 days ago - ₹5,796","15 days ago - ₹5,796","14 days ago - ₹5,796","13 days ago - ₹5,796","12 days ago - ₹5,796","11 days ago - ₹5,796","10 days ago - ₹5,796","9 days ago - ₹5,796","8 days ago - ₹5,796","7 days ago - ₹5,796","6 days ago - ₹5,796","5 days ago - ₹5,796","4 days ago - ₹5,796","3 days ago - ₹5,796","2 days ago - ₹5,796","1 day ago - ₹5,796","Today - ₹5,796"
,,,,,,,,,,,,,,,,,,,,,,,,,,,,,,,,,,,,,,,,,,,,,,,,,,,,,,,,,,,,
"60 days ago - ₹5,796","59 days ago - ₹5,796","58 days ago - ₹5,796","57 days ago - ₹5,796","56 days ago - ₹5,796","55 days ago - ₹5,796","54 days ago - ₹5,796","53 days ago - ₹5,796","52 days ago - ₹5,796","51 days ago - ₹5,796","50 days ago - ₹5,796","49 days ago - ₹5,796","48 days ago - ₹5,796","47 days ago - ₹5,796","46 days ago - ₹5,796","45 days ago - ₹5,796","44 days ago - ₹5,796","43 days ago - ₹5,796","42 days ago - ₹5,796","41 days ago - ₹5,796","40 days ago - ₹5,796","39 days ago - ₹5,796","38 days ago - ₹5,796","37 days ago - ₹5,796","36 days ago - ₹5,796","35 days ago - ₹5,796","34 days ago - ₹5,796","33 days ago - ₹5,796","32 days ago - ₹5,796","31 days ago - ₹5,796","30 days ago - ₹5,796","29 days ago - ₹5,796","28 days ago - ₹5,796","27 days ago - ₹5,796","26 days ago - ₹5,796","25 days ago - ₹5,796","24 days ago - ₹5,796","23 days ago - ₹5,796","22 days ago - ₹5,796","21 days ago - ₹5,796","20 days ago - ₹5,796","19 days ago - ₹5,796","18 days ago - ₹5,796","17 days ago - ₹5,796","16 days ago - ₹5,796","15 days ago - ₹5,796","14 days ago - ₹5,796","13 days ago - ₹5,796","12 days ago - ₹5,796","11 days ago - ₹5,796","10 days ago - ₹5,796","9 days ago - ₹5,796","8 days ago - ₹5,796","7 days ago - ₹5,796","6 days ago - ₹5,796","5 days ago - ₹5,796","4 days ago - ₹5,796","3 days ago - ₹5,796","2 days ago - ₹5,796","1 day ago - ₹5,796","Today - ₹5,796"
,,,,,,,,,,,,,,,,,,,,,,,,,,,,,,,,,,,,,,,,,,,,,,,,,,,,,,,,,,,,
,,,,,,,,,,,,,,,,,,,,,,,,,,,,,,,,,,,,,,,,,,,,,,,,,,,,,,,,,,,,
"60 days ago - ₹5,796","59 days ago - ₹5,796","58 days ago - ₹5,796","57 days ago - ₹5,796","56 days ago - ₹5,796","55 days ago - ₹5,796","54 days ago - ₹5,796","53 days ago - ₹5,796","52 days ago - ₹5,796","51 days ago - ₹5,796","50 days ago - ₹5,796","49 days ago - ₹5,796","48 days ago - ₹5,796","47 days ago - ₹5,796","46 days ago - ₹5,796","45 days ago - ₹5,796","44 days ago - ₹5,796","43 days ago - ₹5,796","42 days ago - ₹5,796","41 days ago - ₹5,796","40 days ago - ₹5,796","39 days ago - ₹5,796","38 days ago - ₹5,796","37 days ago - ₹5,796","36 days ago - ₹5,796","35 days ago - ₹5,796","34 days ago - ₹5,796","33 days ago - ₹5,796","32 days ago - ₹5,796","31 days ago - ₹5,796","30 days ago - ₹5,796","29 days ago - ₹5,796","28 days ago - ₹5,796","27 days ago - ₹5,796","26 days ago - ₹5,796","25 days ago - ₹5,796","24 days ago - ₹5,796","23 days ago - ₹5,796","22 days ago - ₹5,796","21 days ago - ₹5,796","20 days ago - ₹5,796","19 days ago - ₹5,796","18 days ago - ₹5,796","17 days ago - ₹5,796","16 days ago - ₹5,796","15 days ago - ₹5,796","14 days ago - ₹5,796","13 days ago - ₹5,796","12 days ago - ₹5,796","11 days ago - ₹5,796","10 days ago - ₹5,796","9 days ago - ₹5,796","8 days ago - ₹5,796","7 days ago - ₹5,796","6 days ago - ₹5,796","5 days ago - ₹5,796","4 days ago - ₹5,796","3 days ago - ₹5,796","2 days ago - ₹5,796","1 day ago - ₹5,796","Today - ₹5,796"
,,,,,,,,,,,,,,,,,,,,,,,,,,,,,,,,,,,,,,,,,,,,,,,,,,,,,,,,,,,,
"60 days ago - ₹5,796","59 days ago - ₹5,796","58 days ago - ₹5,796","57 days ago - ₹5,796","56 days ago - ₹5,796","55 days ago - ₹5,796","54 days ago - ₹5,796","53 days ago - ₹5,796","52 days ago - ₹5,796","51 days ago - ₹5,796","50 days ago - ₹5,796","49 days ago - ₹5,796","48 days ago - ₹5,796","47 days ago - ₹5,796","46 days ago - ₹5,796","45 days ago - ₹5,796","44 days ago - ₹5,796","43 days ago - ₹5,796","42 days ago - ₹5,796","41 days ago - ₹5,796","40 days ago - ₹5,796","39 days ago - ₹5,796","38 days ago - ₹5,796","37 days ago - ₹5,796","36 days ago - ₹5,796","35 days ago - ₹5,796","34 days ago - ₹5,796","33 days ago - ₹5,796","32 days ago - ₹5,796","31 days ago - ₹5,796","30 days ago - ₹5,796","29 days ago - ₹5,796","28 days ago - ₹5,796","27 days ago - ₹5,796","26 days ago - ₹5,796","25 days ago - ₹5,796","24 days ago - ₹5,796","23 days ago - ₹5,796","22 days ago - ₹5,796","21 days ago - ₹5,796","20 days ago - ₹5,796","19 days ago - ₹5,796","18 days ago - ₹5,796","17 days ago - ₹5,796","16 days ago - ₹5,796","15 days ago - ₹5,796","14 days ago - ₹5,796","13 days ago - ₹5,796","12 days ago - ₹5,796","11 days ago - ₹5,796","10 days ago - ₹5,796","9 days ago - ₹5,796","8 days ago - ₹5,796","7 days ago - ₹5,796","6 days ago - ₹5,796","5 days ago - ₹5,796","4 days ago - ₹5,796","3 days ago - ₹5,796","2 days ago - ₹5,796","1 day ago - ₹5,796","Today - ₹5,796"
,,,,,,,,,,,,,,,,,,,,,,,,,,,,,,,,,,,,,,,,,,,,,,,,,,,,,,,,,,,,
"60 days ago - ₹5,796","59 days ago - ₹5,796","58 days ago - ₹5,796","57 days ago - ₹5,796","56 days ago - ₹5,796","55 days ago - ₹5,796","54 days ago - ₹5,796","53 days ago - ₹5,796","52 days ago - ₹5,796","51 days ago - ₹5,796","50 days ago - ₹5,796","49 days ago - ₹5,796","48 days ago - ₹5,796","47 days ago - ₹5,796","46 days ago - ₹5,796","45 days ago - ₹5,796","44 days ago - ₹5,796","43 days ago - ₹5,796","42 days ago - ₹5,796","41 days ago - ₹5,796","40 days ago - ₹5,796","39 days ago - ₹5,796","38 days ago - ₹5,796","37 days ago - ₹5,796","36 days ago - ₹5,796","35 days ago - ₹5,796","34 days ago - ₹5,796","33 days ago - ₹5,796","32 days ago - ₹5,796","31 days ago - ₹5,796","30 days ago - ₹5,796","29 days ago - ₹5,796","28 days ago - ₹5,796","27 days ago - ₹5,796","26 days ago - ₹5,796","25 days ago - ₹5,796","24 days ago - ₹5,796","23 days ago - ₹5,796","22 days ago - ₹5,796","21 days ago - ₹5,796","20 days ago - ₹5,796","19 days ago - ₹5,796","18 days ago - ₹5,796","17 days ago - ₹5,796","16 days ago - ₹5,796","15 days ago - ₹5,796","14 days ago - ₹5,796","13 days ago - ₹5,796","12 days ago - ₹5,796","11 days ago - ₹5,796","10 days ago - ₹5,796","9 days ago - ₹5,796","8 days ago - ₹5,796","7 days ago - ₹5,796","6 days ago - ₹5,796","5 days ago - ₹5,796","4 days ago - ₹5,796","3 days ago - ₹5,796","2 days ago - ₹5,796","1 day ago - ₹5,796","Today - ₹5,796"
,,,,,,,,,,,,,,,,,,,,,,,,,,,,,,,,,,,,,,,,,,,,,,,,,,,,,,,,,,,,
,,,,,,,,,,,,,,,,,,,,,,,,,,,,,,,,,,,,,,,,,,,,,,,,,,,,,,,,,,,,
"60 days ago - ₹5,796","59 days ago - ₹5,796","58 days ago - ₹5,796","57 days ago - ₹5,796","56 days ago - ₹5,796","55 days ago - ₹5,796","54 days ago - ₹5,796","53 days ago - ₹5,796","52 days ago - ₹5,796","51 days ago - ₹5,796","50 days ago - ₹5,796","49 days ago - ₹5,796","48 days ago - ₹5,796","47 days ago - ₹5,796","46 days ago - ₹5,796","45 days ago - ₹5,796","44 days ago - ₹5,796","43 days ago - ₹5,796","42 days ago - ₹5,796","41 days ago - ₹5,796","40 days ago - ₹5,796","39 days ago - ₹5,796","38 days ago - ₹5,796","37 days ago - ₹5,796","36 days ago - ₹5,796","35 days ago - ₹5,796","34 days ago - ₹5,796","33 days ago - ₹5,796","32 days ago - ₹5,796","31 days ago - ₹5,796","30 days ago - ₹5,796","29 days ago - ₹5,796","28 days ago - ₹5,796","27 days ago - ₹5,796","26 days ago - ₹5,796","25 days ago - ₹5,796","24 days ago - ₹5,796","23 days ago - ₹5,796","22 days ago - ₹5,796","21 days ago - ₹5,796","20 days ago - ₹5,796","19 days ago - ₹5,796","18 days ago - ₹5,796","17 days ago - ₹5,796","16 days ago - ₹5,796","15 days ago - ₹5,796","14 days ago - ₹5,796","13 days ago - ₹5,796","12 days ago - ₹5,796","11 days ago - ₹5,796","10 days ago - ₹5,796","9 days ago - ₹5,796","8 days ago - ₹5,796","7 days ago - ₹5,796","6 days ago - ₹5,796","5 days ago - ₹5,796","4 days ago - ₹5,796","3 days ago - ₹5,796","2 days ago - ₹5,796","1 day ago - ₹5,796","Today - ₹5,796"
,,,,,,,,,,,,,,,,,,,,,,,,,,,,,,,,,,,,,,,,,,,,,,,,,,,,,,,,,,,,
"60 days ago - ₹5,796","59 days ago - ₹5,796","58 days ago - ₹5,796","57 days ago - ₹5,796","56 days ago - ₹5,796","55 days ago - ₹5,796","54 days ago - ₹5,796","53 days ago - ₹5,796","52 days ago - ₹5,796","51 days ago - ₹5,796","50 days ago - ₹5,796","49 days ago - ₹5,796","48 days ago - ₹5,796","47 days ago - ₹5,796","46 days ago - ₹5,796","45 days ago - ₹5,796","44 days ago - ₹5,796","43 days ago - ₹5,796","42 days ago - ₹5,796","41 days ago - ₹5,796","40 days ago - ₹5,796","39 days ago - ₹5,796","38 days ago - ₹5,796","37 days ago - ₹5,796","36 days ago - ₹5,796","35 days ago - ₹5,796","34 days ago - ₹5,796","33 days ago - ₹5,796","32 days ago - ₹5,796","31 days ago - ₹5,796","30 days ago - ₹5,796","29 days ago - ₹5,796","28 days ago - ₹5,796","27 days ago - ₹5,796","26 days ago - ₹5,796","25 days ago - ₹5,796","24 days ago - ₹5,796","23 days ago - ₹5,796","22 days ago - ₹5,796","21 days ago - ₹5,796","20 days ago - ₹5,796","19 days ago - ₹5,796","18 days ago - ₹5,796","17 days ago - ₹5,796","16 days ago - ₹5,796","15 days ago - ₹5,796","14 days ago - ₹5,796","13 days ago - ₹5,796","12 days ago - ₹5,796","11 days ago - ₹5,796","10 days ago - ₹5,796","9 days ago - ₹5,796","8 days ago - ₹5,796","7 days ago - ₹5,796","6 days ago - ₹5,796","5 days ago - ₹5,796","4 days ago - ₹5,796","3 days ago - ₹5,796","2 days ago - ₹5,796","1 day ago - ₹5,796","Today - ₹5,796"
,,,,,,,,,,,,,,,,,,,,,,,,,,,,,,,,,,,,,,,,,,,,,,,,,,,,,,,,,,,,
"60 days ago - ₹5,796","59 days ago - ₹5,796","58 days ago - ₹5,796","57 days ago - ₹5,796","56 days ago - ₹5,796","55 days ago - ₹5,796","54 days ago - ₹5,796","53 days ago - ₹5,796","52 days ago - ₹5,796","51 days ago - ₹5,796","50 days ago - ₹5,796","49 days ago - ₹5,796","48 days ago - ₹5,796","47 days ago - ₹5,796","46 days ago - ₹5,796","45 days ago - ₹5,796","44 days ago - ₹5,796","43 days ago - ₹5,796","42 days ago - ₹5,796","41 days ago - ₹5,796","40 days ago - ₹5,796","39 days ago - ₹5,796","38 days ago - ₹5,796","37 days ago - ₹5,796","36 days ago - ₹5,796","35 days ago - ₹5,796","34 days ago - ₹5,796","33 days ago - ₹5,796","32 days ago - ₹5,796","31 days ago - ₹5,796","30 days ago - ₹5,796","29 days ago - ₹5,796","28 days ago - ₹5,796","27 days ago - ₹5,796","26 days ago - ₹5,796","25 days ago - ₹5,796","24 days ago - ₹5,796","23 days ago - ₹5,796","22 days ago - ₹5,796","21 days ago - ₹5,796","20 days ago - ₹5,796","19 days ago - ₹5,796","18 days ago - ₹5,796","17 days ago - ₹5,796","16 days ago - ₹5,796","15 days ago - ₹5,796","14 days ago - ₹5,796","13 days ago - ₹5,796","12 days ago - ₹5,796","11 days ago - ₹5,796","10 days ago - ₹5,796","9 days ago - ₹5,796","8 days ago - ₹5,796","7 days ago - ₹5,796","6 days ago - ₹5,796","5 days ago - ₹5,796","4 days ago - ₹5,796","3 days ago - ₹5,796","2 days ago - ₹5,796","1 day ago - ₹5,796","Today - ₹5,796"
,,,,,,,,,,,,,,,,,,,,,,,,,,,,,,,,,,,,,,,,,,,,,,,,,,,,,,,,,,,,
,,,,,,,,,,,,,,,,,,,,,,,,,,,,,,,,,,,,,,,,,,,,,,,,,,,,,,,,,,,,
"60 days ago - ₹5,796","59 days ago - ₹5,796","58 days ago - ₹5,796","57 days ago - ₹5,796","56 days ago - ₹5,796","55 days ago - ₹5,796","54 days ago - ₹5,796","53 days ago - ₹5,796","52 days ago - ₹5,796","51 days ago - ₹5,796","50 days ago - ₹5,796","49 days ago - ₹5,796","48 days ago - ₹5,796","47 days ago - ₹5,796","46 days ago - ₹5,796","45 days ago - ₹5,796","44 days ago - ₹5,796","43 days ago - ₹5,796","42 days ago - ₹5,796","41 days ago - ₹5,796","40 days ago - ₹5,796","39 days ago - ₹5,796","38 days ago - ₹5,796","37 days ago - ₹5,796","36 days ago - ₹5,796","35 days ago - ₹5,796","34 days ago - ₹5,796","33 days ago - ₹5,796","32 days ago - ₹5,796","31 days ago - ₹5,796","30 days ago - ₹5,796","29 days ago - ₹5,796","28 days ago - ₹5,796","27 days ago - ₹5,796","26 days ago - ₹5,796","25 days ago - ₹5,796","24 days ago - ₹5,796","23 days ago - ₹5,796","22 days ago - ₹5,796","21 days ago - ₹5,796","20 days ago - ₹5,796","19 days ago - ₹5,796","18 days ago - ₹5,796","17 days ago - ₹5,796","16 days ago - ₹5,796","15 days ago - ₹5,796","14 days ago - ₹5,796","13 days ago - ₹5,796","12 days ago - ₹5,796","11 days ago - ₹5,796","10 days ago - ₹5,796","9 days ago - ₹5,796","8 days ago - ₹5,796","7 days ago - ₹5,796","6 days ago - ₹5,796","5 days ago - ₹5,796","4 days ago - ₹5,796","3 days ago - ₹5,796","2 days ago - ₹5,796","1 day ago - ₹5,796","Today - ₹5,796"
,,,,,,,,,,,,,,,,,,,,,,,,,,,,,,,,,,,,,,,,,,,,,,,,,,,,,,,,,,,,
"60 days ago - ₹5,796","59 days ago - ₹5,796","58 days ago - ₹5,796","57 days ago - ₹5,796","56 days ago - ₹5,796","55 days ago - ₹5,796","54 days ago - ₹5,796","53 days ago - ₹5,796","52 days ago - ₹5,796","51 days ago - ₹5,796","50 days ago - ₹5,796","49 days ago - ₹5,796","48 days ago - ₹5,796","47 days ago - ₹5,796","46 days ago - ₹5,796","45 days ago - ₹5,796","44 days ago - ₹5,796","43 days ago - ₹5,796","42 days ago - ₹5,796","41 days ago - ₹5,796","40 days ago - ₹5,796","39 days ago - ₹5,796","38 days ago - ₹5,796","37 days ago - ₹5,796","36 days ago - ₹5,796","35 days ago - ₹5,796","34 days ago - ₹5,796","33 days ago - ₹5,796","32 days ago - ₹5,796","31 days ago - ₹5,796","30 days ago - ₹5,796","29 days ago - ₹5,796","28 days ago - ₹5,796","27 days ago - ₹5,796","26 days ago - ₹5,796","25 days ago - ₹5,796","24 days ago - ₹5,796","23 days ago - ₹5,796","22 days ago - ₹5,796","21 days ago - ₹5,796","20 days ago - ₹5,796","19 days ago - ₹5,796","18 days ago - ₹5,796","17 days ago - ₹5,796","16 days ago - ₹5,796","15 days ago - ₹5,796","14 days ago - ₹5,796","13 days ago - ₹5,796","12 days ago - ₹5,796","11 days ago - ₹5,796","10 days ago - ₹5,796","9 days ago - ₹5,796","8 days ago - ₹5,796","7 days ago - ₹5,796","6 days ago - ₹5,796","5 days ago - ₹5,796","4 days ago - ₹5,796","3 days ago - ₹5,796","2 days ago - ₹5,796","1 day ago - ₹5,796","Today - ₹5,796"
,,,,,,,,,,,,,,,,,,,,,,,,,,,,,,,,,,,,,,,,,,,,,,,,,,,,,,,,,,,,
"60 days ago - ₹5,796","59 days ago - ₹5,796","58 days ago - ₹5,796","57 days ago - ₹5,796","56 days ago - ₹5,796","55 days ago - ₹5,796","54 days ago - ₹5,796","53 days ago - ₹5,796","52 days ago - ₹5,796","51 days ago - ₹5,796","50 days ago - ₹5,796","49 days ago - ₹5,796","48 days ago - ₹5,796","47 days ago - ₹5,796","46 days ago - ₹5,796","45 days ago - ₹5,796","44 days ago - ₹5,796","43 days ago - ₹5,796","42 days ago - ₹5,796","41 days ago - ₹5,796","40 days ago - ₹5,796","39 days ago - ₹5,796","38 days ago - ₹5,796","37 days ago - ₹5,796","36 days ago - ₹5,796","35 days ago - ₹5,796","34 days ago - ₹5,796","33 days ago - ₹5,796","32 days ago - ₹5,796","31 days ago - ₹5,796","30 days ago - ₹5,796","29 days ago - ₹5,796","28 days ago - ₹5,796","27 days ago - ₹5,796","26 days ago - ₹5,796","25 days ago - ₹5,796","24 days ago - ₹5,796","23 days ago - ₹5,796","22 days ago - ₹5,796","21 days ago - ₹5,796","20 days ago - ₹5,796","19 days ago - ₹5,796","18 days ago - ₹5,796","17 days ago - ₹5,796","16 days ago - ₹5,796","15 days ago - ₹5,796","14 days ago - ₹5,796","13 days ago - ₹5,796","12 days ago - ₹5,796","11 days ago - ₹5,796","10 days ago - ₹5,796","9 days ago - ₹5,796","8 days ago - ₹5,796","7 days ago - ₹5,796","6 days ago - ₹5,796","5 days ago - ₹5,796","4 days ago - ₹5,796","3 days ago - ₹5,796","2 days ago - ₹5,796","1 day ago - ₹5,796","Today - ₹5,796"
,,,,,,,,,,,,,,,,,,,,,,,,,,,,,,,,,,,,,,,,,,,,,,,,,,,,,,,,,,,,
,,,,,,,,,,,,,,,,,,,,,,,,,,,,,,,,,,,,,,,,,,,,,,,,,,,,,,,,,,,,
"60 days ago - ₹5,796","59 days ago - ₹5,796","58 days ago - ₹5,796","57 days ago - ₹5,796","56 days ago - ₹5,796","55 days ago - ₹5,796","54 days ago - ₹5,796","53 days ago - ₹5,796","52 days ago - ₹5,796","51 days ago - ₹5,796","50 days ago - ₹5,796","49 days ago - ₹5,796","48 days ago - ₹5,796","47 days ago - ₹5,796","46 days ago - ₹5,796","45 days ago - ₹5,796","44 days ago - ₹5,796","43 days ago - ₹5,796","42 days ago - ₹5,796","41 days ago - ₹5,796","40 days ago - ₹5,796","39 days ago - ₹5,796","38 days ago - ₹5,796","37 days ago - ₹5,796","36 days ago - ₹5,796","35 days ago - ₹5,796","34 days ago - ₹5,796","33 days ago - ₹5,796","32 days ago - ₹5,796","31 days ago - ₹5,796","30 days ago - ₹5,796","29 days ago - ₹5,796","28 days ago - ₹5,796","27 days ago - ₹5,796","26 days ago - ₹5,796","25 days ago - ₹5,796","24 days ago - ₹5,796","23 days ago - ₹5,796","22 days ago - ₹5,796","21 days ago - ₹5,796","20 days ago - ₹5,796","19 days ago - ₹5,796","18 days ago - ₹5,796","17 days ago - ₹5,796","16 days ago - ₹5,796","15 days ago - ₹5,796","14 days ago - ₹5,796","13 days ago - ₹5,796","12 days ago - ₹5,796","11 days ago - ₹5,796","10 days ago - ₹5,796","9 days ago - ₹5,796","8 days ago - ₹5,796","7 days ago - ₹5,796","6 days ago - ₹5,796","5 days ago - ₹5,796","4 days ago - ₹5,796","3 days ago - ₹5,796","2 days ago - ₹5,796","1 day ago - ₹5,796","Today - ₹5,796"
,,,,,,,,,,,,,,,,,,,,,,,,,,,,,,,,,,,,,,,,,,,,,,,,,,,,,,,,,,,,
"60 days ago - ₹5,796","59 days ago - ₹5,796","58 days ago - ₹5,796","57 days ago - ₹5,796","56 days ago - ₹5,796","55 days ago - ₹5,796","54 days ago - ₹5,796","53 days ago - ₹5,796","52 days ago - ₹5,796","51 days ago - ₹5,796","50 days ago - ₹5,796","49 days ago - ₹5,796","48 days ago - ₹5,796","47 days ago - ₹5,796","46 days ago - ₹5,796","45 days ago - ₹5,796","44 days ago - ₹5,796","43 days ago - ₹5,796","42 days ago - ₹5,796","41 days ago - ₹5,796","40 days ago - ₹5,796","39 days ago - ₹5,796","38 days ago - ₹5,796","37 days ago - ₹5,796","36 days ago - ₹5,796","35 days ago - ₹5,796","34 days ago - ₹5,796","33 days ago - ₹5,796","32 days ago - ₹5,796","31 days ago - ₹5,796","30 days ago - ₹5,796","29 days ago - ₹5,796","28 days ago - ₹5,796","27 days ago - ₹5,796","26 days ago - ₹5,796","25 days ago - ₹5,796","24 days ago - ₹5,796","23 days ago - ₹5,796","22 days ago - ₹5,796","21 days ago - ₹5,796","20 days ago - ₹5,796","19 days ago - ₹5,796","18 days ago - ₹5,796","17 days ago - ₹5,796","16 days ago - ₹5,796","15 days ago - ₹5,796","14 days ago - ₹5,796","13 days ago - ₹5,796","12 days ago - ₹5,796","11 days ago - ₹5,796","10 days ago - ₹5,796","9 days ago - ₹5,796","8 days ago - ₹5,796","7 days ago - ₹5,796","6 days ago - ₹5,796","5 days ago - ₹5,796","4 days ago - ₹5,796","3 days ago - ₹5,796","2 days ago - ₹5,796","1 day ago - ₹5,796","Today - ₹5,796"
,,,,,,,,,,,,,,,,,,,,,,,,,,,,,,,,,,,,,,,,,,,,,,,,,,,,,,,,,,,,
"59 days ago - ₹5,796","58 days ago - ₹5,796","57 days ago - ₹5,796","56 days ago - ₹5,796","55 days ago - ₹5,796","54 days ago - ₹5,796","53 days ago - ₹5,796","52 days ago - ₹5,796","51 days ago - ₹5,796","50 days ago - ₹5,796","49 days ago - ₹5,796","48 days ago - ₹5,796","47 days ago - ₹5,796","46 days ago - ₹5,796","45 days ago - ₹5,796","44 days ago - ₹5,796","43 days ago - ₹5,796","42 days ago - ₹5,796","41 days ago - ₹5,796","40 days ago - ₹5,796","39 days ago - ₹5,796","38 days ago - ₹5,796","37 days ago - ₹5,796","36 days ago - ₹5,796","35 days ago - ₹5,796","34 days ago - ₹5,796","33 days ago - ₹5,796","32 days ago - ₹5,796","31 days ago - ₹5,796","30 days ago - ₹5,796","29 days ago - ₹5,796","28 days ago - ₹5,796","27 days ago - ₹5,796","26 days ago - ₹5,796","25 days ago - ₹5,796","24 days ago - ₹5,796","23 days ago - ₹5,796","22 days ago - ₹5,796","21 days ago - ₹5,796","20 days ago - ₹5,796","19 days ago - ₹5,796","18 days ago - ₹5,796","17 days ago - ₹5,796","16 days ago - ₹5,796","15 days ago - ₹5,796","14 days ago - ₹5,796","13 days ago - ₹5,796","12 days ago - ₹5,796","11 days ago - ₹5,796","10 days ago - ₹5,796","9 days ago - ₹5,796","8 days ago - ₹5,796","7 days ago - ₹5,796","6 days ago - ₹5,796","5 days ago - ₹5,796","4 days ago - ₹5,796","3 days ago - ₹5,796","2 days ago - ₹5,796","1 day ago - ₹5,796","Today - ₹5,796",
,,,,,,,,,,,,,,,,,,,,,,,,,,,,,,,,,,,,,,,,,,,,,,,,,,,,,,,,,,,,
,,,,,,,,,,,,,,,,,,,,,,,,,,,,,,,,,,,,,,,,,,,,,,,,,,,,,,,,,,,,
"56 days ago - ₹5,796","55 days ago - ₹5,796","54 days ago - ₹5,796","53 days ago - ₹5,796","52 days ago - ₹5,796","51 days ago - ₹5,796","50 days ago - ₹5,796","49 days ago - ₹5,796","48 days ago - ₹5,796","47 days ago - ₹5,796","46 days ago - ₹5,796","45 days ago - ₹5,796","44 days ago - ₹5,796","43 days ago - ₹5,796","42 days ago - ₹5,796","41 days ago - ₹5,796","40 days ago - ₹5,796","39 days ago - ₹5,796","38 days ago - ₹5,796","37 days ago - ₹5,796","36 days ago - ₹5,796","35 days ago - ₹5,796","34 days ago - ₹5,796","33 days ago - ₹5,796","32 days ago - ₹5,796","31 days ago - ₹5,796","30 days ago - ₹5,796","29 days ago - ₹5,796","28 days ago - ₹5,796","27 days ago - ₹5,796","26 days ago - ₹5,796","25 days ago - ₹5,796","24 days ago - ₹5,796","23 days ago - ₹5,796","22 days ago - ₹5,796","21 days ago - ₹5,796","20 days ago - ₹5,796","19 days ago - ₹5,796","18 days ago - ₹5,796","17 days ago - ₹5,796","16 days ago - ₹5,796","15 days ago - ₹5,796","14 days ago - ₹5,796","13 days ago - ₹5,796","12 days ago - ₹5,796","11 days ago - ₹5,796","10 days ago - ₹5,796","9 days ago - ₹5,796","8 days ago - ₹5,796","7 days ago - ₹5,796","6 days ago - ₹5,796","5 days ago - ₹5,796","4 days ago - ₹5,796","3 days ago - ₹5,796","2 days ago - ₹5,796","1 day ago - ₹5,796","Today - ₹5,796",,,,
,,,,,,,,,,,,,,,,,,,,,,,,,,,,,,,,,,,,,,,,,,,,,,,,,,,,,,,,,,,,
"54 days ago - ₹5,796","53 days ago - ₹5,796","52 days ago - ₹5,796","51 days ago - ₹5,796","50 days ago - ₹5,796","49 days ago - ₹5,796","48 days ago - ₹5,796","47 days ago - ₹5,796","46 days ago - ₹5,796","45 days ago - ₹5,796","44 days ago - ₹5,796","43 days ago - ₹5,796","42 days ago - ₹5,796","41 days ago - ₹5,796","40 days ago - ₹5,796","39 days ago - ₹5,796","38 days ago - ₹5,796","37 days ago - ₹5,796","36 days ago - ₹5,796","35 days ago - ₹5,796","34 days ago - ₹5,796","33 days ago - ₹5,796","32 days ago - ₹5,796","31 days ago - ₹5,796","30 days ago - ₹5,796","29 days ago - ₹5,796","28 days ago - ₹5,796","27 days ago - ₹5,796","26 days ago - ₹5,796","25 days ago - ₹5,796","24 days ago - ₹5,796","23 days ago - ₹5,796","22 days ago - ₹5,796","21 days ago - ₹5,796","20 days ago - ₹5,796","19 days ago - ₹5,796","18 days ago - ₹5,796","17 days ago - ₹5,796","16 days ago - ₹5,796","15 days ago - ₹5,796","14 days ago - ₹5,796","13 days ago - ₹5,796","12 days ago - ₹5,796","11 days ago - ₹5,796","10 days ago - ₹5,796","9 days ago - ₹5,796","8 days ago - ₹5,796","7 days ago - ₹5,796","6 days ago - ₹5,796","5 days ago - ₹5,796","4 days ago - ₹5,796","3 days ago - ₹5,796","2 days ago - ₹5,796","1 day ago - ₹5,796","Today - ₹5,796",,,,,,
,,,,,,,,,,,,,,,,,,,,,,,,,,,,,,,,,,,,,,,,,,,,,,,,,,,,,,,,,,,,
"52 days ago - ₹5,796","51 days ago - ₹5,796","50 days ago - ₹5,796","49 days ago - ₹5,796","48 days ago - ₹5,796","47 days ago - ₹5,796","46 days ago - ₹5,796","45 days ago - ₹5,796","44 days ago - ₹5,796","43 days ago - ₹5,796","42 days ago - ₹5,796","41 days ago - ₹5,796","40 days ago - ₹5,796","39 days ago - ₹5,796","38 days ago - ₹5,796","37 days ago - ₹5,796","36 days ago - ₹5,796","35 days ago - ₹5,796","34 days ago - ₹5,796","33 days ago - ₹5,796","32 days ago - ₹5,796","31 days ago - ₹5,796","30 days ago - ₹5,796","29 days ago - ₹5,796","28 days ago - ₹5,796","27 days ago - ₹5,796","26 days ago - ₹5,796","25 days ago - ₹5,796","24 days ago - ₹5,796","23 days ago - ₹5,796","22 days ago - ₹5,796","21 days ago - ₹5,796","20 days ago - ₹5,796","19 days ago - ₹5,796","18 days ago - ₹5,796","17 days ago - ₹5,796","16 days ago - ₹5,796","15 days ago - ₹5,796","14 days ago - ₹5,796","13 days ago - ₹5,796","12 days ago - ₹5,796","11 days ago - ₹5,796","10 days ago - ₹5,796","9 days ago - ₹5,796","8 days ago - ₹5,796","7 days ago - ₹5,796","6 days ago - ₹5,796","5 days ago - ₹5,796","4 days ago - ₹5,796","3 days ago - ₹5,796","2 days ago - ₹5,796","1 day ago - ₹5,796","Today - ₹5,796",,,,,,,,
,,,,,,,,,,,,,,,,,,,,,,,,,,,,,,,,,,,,,,,,,,,,,,,,,,,,,,,,,,,,
,,,,,,,,,,,,,,,,,,,,,,,,,,,,,,,,,,,,,,,,,,,,,,,,,,,,,,,,,,,,
"49 days ago - ₹5,796","48 days ago - ₹5,796","47 days ago - ₹5,796","46 days ago - ₹5,796","45 days ago - ₹5,796","44 days ago - ₹5,796","43 days ago - ₹5,796","42 days ago - ₹5,796","41 days ago - ₹5,796","40 days ago - ₹5,796","39 days ago - ₹5,796","38 days ago - ₹5,796","37 days ago - ₹5,796","36 days ago - ₹5,796","35 days ago - ₹5,796","34 days ago - ₹5,796","33 days ago - ₹5,796","32 days ago - ₹5,796","31 days ago - ₹5,796","30 days ago - ₹5,796","29 days ago - ₹5,796","28 days ago - ₹5,796","27 days ago - ₹5,796","26 days ago - ₹5,796","25 days ago - ₹5,796","24 days ago - ₹5,796","23 days ago - ₹5,796","22 days ago - ₹5,796","21 days ago - ₹5,796","20 days ago - ₹5,796","19 days ago - ₹5,796","18 days ago - ₹5,796","17 days ago - ₹5,796","16 days ago - ₹5,796","15 days ago - ₹5,796","14 days ago - ₹5,796","13 days ago - ₹5,796","12 days ago - ₹5,796","11 days ago - ₹5,796","10 days ago - ₹5,796","9 days ago - ₹5,796","8 days ago - ₹5,796","7 days ago - ₹5,796","6 days ago - ₹5,796","5 days ago - ₹5,796","4 days ago - ₹5,796","3 days ago - ₹5,796","2 days ago - ₹5,796","1 day ago - ₹5,796","Today - ₹5,796",,,,,,,,,,,
,,,,,,,,,,,,,,,,,,,,,,,,,,,,,,,,,,,,,,,,,,,,,,,,,,,,,,,,,,,,
"47 days ago - ₹5,796","46 days ago - ₹5,796","45 days ago - ₹5,796","44 days ago - ₹5,796","43 days ago - ₹5,796","42 days ago - ₹5,796","41 days ago - ₹5,796","40 days ago - ₹5,796","39 days ago - ₹5,796","38 days ago - ₹5,796","37 days ago - ₹5,796","36 days ago - ₹5,796","35 days ago - ₹5,796","34 days ago - ₹5,796","33 days ago - ₹5,796","32 days ago - ₹5,796","31 days ago - ₹5,796","30 days ago - ₹5,796","29 days ago - ₹5,796","28 days ago - ₹5,796","27 days ago - ₹5,796","26 days ago - ₹5,796","25 days ago - ₹5,796","24 days ago - ₹5,796","23 days ago - ₹5,796","22 days ago - ₹5,796","21 days ago - ₹5,796","20 days ago - ₹5,796","19 days ago - ₹5,796","18 days ago - ₹5,796","17 days ago - ₹5,796","16 days ago - ₹5,796","15 days ago - ₹5,796","14 days ago - ₹5,796","13 days ago - ₹5,796","12 days ago - ₹5,796","11 days ago - ₹5,796","10 days ago - ₹5,796","9 days ago - ₹5,796","8 days ago - ₹5,796","7 days ago - ₹5,796","6 days ago - ₹5,796","5 days ago - ₹5,796","4 days ago - ₹5,796","3 days ago - ₹5,796","2 days ago - ₹5,796","1 day ago - ₹5,796","Today - ₹5,796",,,,,,,,,,,,,
,,,,,,,,,,,,,,,,,,,,,,,,,,,,,,,,,,,,,,,,,,,,,,,,,,,,,,,,,,,,
"45 days ago - ₹5,796","44 days ago - ₹5,796","43 days ago - ₹5,796","42 days ago - ₹5,796","41 days ago - ₹5,796","40 days ago - ₹5,796","39 days ago - ₹5,796","38 days ago - ₹5,796","37 days ago - ₹5,796","36 days ago - ₹5,796","35 days ago - ₹5,796","34 days ago - ₹5,796","33 days ago - ₹5,796","32 days ago - ₹5,796","31 days ago - ₹5,796","30 days ago - ₹5,796","29 days ago - ₹5,796","28 days ago - ₹5,796","27 days ago - ₹5,796","26 days ago - ₹5,796","25 days ago - ₹5,796","24 days ago - ₹5,796","23 days ago - ₹5,796","22 days ago - ₹5,796","21 days ago - ₹5,796","20 days ago - ₹5,796","19 days ago - ₹5,796","18 days ago - ₹5,796","17 days ago - ₹5,796","16 days ago - ₹5,796","15 days ago - ₹5,796","14 days ago - ₹5,796","13 days ago - ₹5,796","12 days ago - ₹5,796","11 days ago - ₹5,796","10 days ago - ₹5,796","9 days ago - ₹5,796","8 days ago - ₹5,796","7 days ago - ₹5,796","6 days ago - ₹5,796","5 days ago - ₹5,796","4 days ago - ₹5,796","3 days ago - ₹5,796","2 days ago - ₹5,796","1 day ago - ₹5,796","Today - ₹5,796",,,,,,,,,,,,,,,
,,,,,,,,,,,,,,,,,,,,,,,,,,,,,,,,,,,,,,,,,,,,,,,,,,,,,,,,,,,,
,,,,,,,,,,,,,,,,,,,,,,,,,,,,,,,,,,,,,,,,,,,,,,,,,,,,,,,,,,,,
"42 days ago - ₹5,796","41 days ago - ₹5,796","40 days ago - ₹5,796","39 days ago - ₹5,796","38 days ago - ₹5,796","37 days ago - ₹5,796","36 days ago - ₹5,796","35 days ago - ₹5,796","34 days ago - ₹5,796","33 days ago - ₹5,796","32 days ago - ₹5,796","31 days ago - ₹5,796","30 days ago - ₹5,796","29 days ago - ₹5,796","28 days ago - ₹5,796","27 days ago - ₹5,796","26 days ago - ₹5,796","25 days ago - ₹5,796","24 days ago - ₹5,796","23 days ago - ₹5,796","22 days ago - ₹5,796","21 days ago - ₹5,796","20 days ago - ₹5,796","19 days ago - ₹5,796","18 days ago - ₹5,796","17 days ago - ₹5,796","16 days ago - ₹5,796","15 days ago - ₹5,796","14 days ago - ₹5,796","13 days ago - ₹5,796","12 days ago - ₹5,796","11 days ago - ₹5,796","10 days ago - ₹5,796","9 days ago - ₹5,796","8 days ago - ₹5,796","7 days ago - ₹5,796","6 days ago - ₹5,796","5 days ago - ₹5,796","4 days ago - ₹5,796","3 days ago - ₹5,796","2 days ago - ₹5,796","1 day ago - ₹5,796","Today - ₹5,796",,,,,,,,,,,,,,,,,,
,,,,,,,,,,,,,,,,,,,,,,,,,,,,,,,,,,,,,,,,,,,,,,,,,,,,,,,,,,,,
"40 days ago - ₹5,796","39 days ago - ₹5,796","38 days ago - ₹5,796","37 days ago - ₹5,796","36 days ago - ₹5,796","35 days ago - ₹5,796","34 days ago - ₹5,796","33 days ago - ₹5,796","32 days ago - ₹5,796","31 days ago - ₹5,796","30 days ago - ₹5,796","29 days ago - ₹5,796","28 days ago - ₹5,796","27 days ago - ₹5,796","26 days ago - ₹5,796","25 days ago - ₹5,796","24 days ago - ₹5,796","23 days ago - ₹5,796","22 days ago - ₹5,796","21 days ago - ₹5,796","20 days ago - ₹5,796","19 days ago - ₹5,796","18 days ago - ₹5,796","17 days ago - ₹5,796","16 days ago - ₹5,796","15 days ago - ₹5,796","14 days ago - ₹5,796","13 days ago - ₹5,796","12 days ago - ₹5,796","11 days ago - ₹5,796","10 days ago - ₹5,796","9 days ago - ₹5,796","8 days ago - ₹5,796","7 days ago - ₹5,796","6 days ago - ₹5,796","5 days ago - ₹5,796","4 days ago - ₹5,796","3 days ago - ₹5,796","2 days ago - ₹5,796","1 day ago - ₹5,796","Today - ₹5,796",,,,,,,,,,,,,,,,,,,,
,,,,,,,,,,,,,,,,,,,,,,,,,,,,,,,,,,,,,,,,,,,,,,,,,,,,,,,,,,,,
"38 days ago - ₹5,796","37 days ago - ₹5,796","36 days ago - ₹5,796","35 days ago - ₹5,796","34 days ago - ₹5,796","33 days ago - ₹5,796","32 days ago - ₹5,796","31 days ago - ₹5,796","30 days ago - ₹5,796","29 days ago - ₹5,796","28 days ago - ₹5,796","27 days ago - ₹5,796","26 days ago - ₹5,796","25 days ago - ₹5,796","24 days ago - ₹5,796","23 days ago - ₹5,796","22 days ago - ₹5,796","21 days ago - ₹5,796","20 days ago - ₹5,796","19 days ago - ₹5,796","18 days ago - ₹5,796","17 days ago - ₹5,796","16 days ago - ₹5,796","15 days ago - ₹5,796","14 days ago - ₹5,796","13 days ago - ₹5,796","12 days ago - ₹5,796","11 days ago - ₹5,796","10 days ago - ₹5,796","9 days ago - ₹5,796","8 days ago - ₹5,796","7 days ago - ₹5,796","6 days ago - ₹5,796","5 days ago - ₹5,796","4 days ago - ₹5,796","3 days ago - ₹5,796","2 days ago - ₹5,796","1 day ago - ₹5,796","Today - ₹5,796",,,,,,,,,,,,,,,,,,,,,,
,,,,,,,,,,,,,,,,,,,,,,,,,,,,,,,,,,,,,,,,,,,,,,,,,,,,,,,,,,,,
,,,,,,,,,,,,,,,,,,,,,,,,,,,,,,,,,,,,,,,,,,,,,,,,,,,,,,,,,,,,
"35 days ago - ₹5,796","34 days ago - ₹5,796","33 days ago - ₹5,796","32 days ago - ₹5,796","31 days ago - ₹5,796","30 days ago - ₹5,796","29 days ago - ₹5,796","28 days ago - ₹5,796","27 days ago - ₹5,796","26 days ago - ₹5,796","25 days ago - ₹5,796","24 days ago - ₹5,796","23 days ago - ₹5,796","22 days ago - ₹5,796","21 days ago - ₹5,796","20 days ago - ₹5,796","19 days ago - ₹5,796","18 days ago - ₹5,796","17 days ago - ₹5,796","16 days ago - ₹5,796","15 days ago - ₹5,796","14 days ago - ₹5,796","13 days ago - ₹5,796","12 days ago - ₹5,796","11 days ago - ₹5,796","10 days ago - ₹5,796","9 days ago - ₹5,796","8 days ago - ₹5,796","7 days ago - ₹5,796","6 days ago - ₹5,796","5 days ago - ₹5,796","4 days ago - ₹5,796","3 days ago - ₹5,796","2 days ago - ₹5,796","1 day ago - ₹5,796","Today - ₹5,796",,,,,,,,,,,,,,,,,,,,,,,,,
,,,,,,,,,,,,,,,,,,,,,,,,,,,,,,,,,,,,,,,,,,,,,,,,,,,,,,,,,,,,
"33 days ago - ₹5,796","32 days ago - ₹5,796","31 days ago - ₹5,796","30 days ago - ₹5,796","29 days ago - ₹5,796","28 days ago - ₹5,796","27 days ago - ₹5,796","26 days ago - ₹5,796","25 days ago - ₹5,796","24 days ago - ₹5,796","23 days ago - ₹5,796","22 days ago - ₹5,796","21 days ago - ₹5,796","20 days ago - ₹5,796","19 days ago - ₹5,796","18 days ago - ₹5,796","17 days ago - ₹5,796","16 days ago - ₹5,796","15 days ago - ₹5,796","14 days ago - ₹5,796","13 days ago - ₹5,796","12 days ago - ₹5,796","11 days ago - ₹5,796","10 days ago - ₹5,796","9 days ago - ₹5,796","8 days ago - ₹5,796","7 days ago - ₹5,796","6 days ago - ₹5,796","5 days ago - ₹5,796","4 days ago - ₹5,796","3 days ago - ₹5,796","2 days ago - ₹5,796","1 day ago - ₹5,796","Today - ₹5,796",,,,,,,,,,,,,,,,,,,,,,,,,,,
,,,,,,,,,,,,,,,,,,,,,,,,,,,,,,,,,,,,,,,,,,,,,,,,,,,,,,,,,,,,
"31 days ago - ₹5,796","30 days ago - ₹5,796","29 days ago - ₹5,796","28 days ago - ₹5,796","27 days ago - ₹5,796","26 days ago - ₹5,796","25 days ago - ₹5,796","24 days ago - ₹5,796","23 days ago - ₹5,796","22 days ago - ₹5,796","21 days ago - ₹5,796","20 days ago - ₹5,796","19 days ago - ₹5,796","18 days ago - ₹5,796","17 days ago - ₹5,796","16 days ago - ₹5,796","15 days ago - ₹5,796","14 days ago - ₹5,796","13 days ago - ₹5,796","12 days ago - ₹5,796","11 days ago - ₹5,796","10 days ago - ₹5,796","9 days ago - ₹5,796","8 days ago - ₹5,796","7 days ago - ₹5,796","6 days ago - ₹5,796","5 days ago - ₹5,796","4 days ago - ₹5,796","3 days ago - ₹5,796","2 days ago - ₹5,796","1 day ago - ₹5,796","Today - ₹5,796",,,,,,,,,,,,,,,,,,,,,,,,,,,,,
,,,,,,,,,,,,,,,,,,,,,,,,,,,,,,,,,,,,,,,,,,,,,,,,,,,,,,,,,,,,
,,,,,,,,,,,,,,,,,,,,,,,,,,,,,,,,,,,,,,,,,,,,,,,,,,,,,,,,,,,,
"28 days ago - ₹5,796","27 days ago - ₹5,796","26 days ago - ₹5,796","25 days ago - ₹5,796","24 days ago - ₹5,796","23 days ago - ₹5,796","22 days ago - ₹5,796","21 days ago - ₹5,796","20 days ago - ₹5,796","19 days ago - ₹5,796","18 days ago - ₹5,796","17 days ago - ₹5,796","16 days ago - ₹5,796","15 days ago - ₹5,796","14 days ago - ₹5,796","13 days ago - ₹5,796","12 days ago - ₹5,796","11 days ago - ₹5,796","10 days ago - ₹5,796","9 days ago - ₹5,796","8 days ago - ₹5,796","7 days ago - ₹5,796","6 days ago - ₹5,796","5 days ago - ₹5,796","4 days ago - ₹5,796","3 days ago - ₹5,796","2 days ago - ₹5,796","1 day ago - ₹5,796","Today - ₹5,796",,,,,,,,,,,,,,,,,,,,,,,,,,,,,,,,
,,,,,,,,,,,,,,,,,,,,,,,,,,,,,,,,,,,,,,,,,,,,,,,,,,,,,,,,,,,,
"26 days ago - ₹5,796","25 days ago - ₹5,796","24 days ago - ₹5,796","23 days ago - ₹5,796","22 days ago - ₹5,796","21 days ago - ₹5,796","20 days ago - ₹5,796","19 days ago - ₹5,796","18 days ago - ₹5,796","17 days ago - ₹5,796","16 days ago - ₹5,796","15 days ago - ₹5,796","14 days ago - ₹5,796","13 days ago - ₹5,796","12 days ago - ₹5,796","11 days ago - ₹5,796","10 days ago - ₹5,796","9 days ago - ₹5,796","8 days ago - ₹5,796","7 days ago - ₹5,796","6 days ago - ₹5,796","5 days ago - ₹5,796","4 days ago - ₹5,796","3 days ago - ₹5,796","2 days ago - ₹5,796","1 day ago - ₹5,796","Today - ₹5,796",,,,,,,,,,,,,,,,,,,,,,,,,,,,,,,,,,
,,,,,,,,,,,,,,,,,,,,,,,,,,,,,,,,,,,,,,,,,,,,,,,,,,,,,,,,,,,,
"24 days ago - ₹5,796","23 days ago - ₹5,796","22 days ago - ₹5,796","21 days ago - ₹5,796","20 days ago - ₹5,796","19 days ago - ₹5,796","18 days ago - ₹5,796","17 days ago - ₹5,796","16 days ago - ₹5,796","15 days ago - ₹5,796","14 days ago - ₹5,796","13 days ago - ₹5,796","12 days ago - ₹5,796","11 days ago - ₹5,796","10 days ago - ₹5,796","9 days ago - ₹5,796","8 days ago - ₹5,796","7 days ago - ₹5,796","6 days ago - ₹5,796","5 days ago - ₹5,796","4 days ago - ₹5,796","3 days ago - ₹5,796","2 days ago - ₹5,796","1 day ago - ₹5,796","Today - ₹5,796",,,,,,,,,,,,,,,,,,,,,,,,,,,,,,,,,,,,
,,,,,,,,,,,,,,,,,,,,,,,,,,,,,,,,,,,,,,,,,,,,,,,,,,,,,,,,,,,,
,,,,,,,,,,,,,,,,,,,,,,,,,,,,,,,,,,,,,,,,,,,,,,,,,,,,,,,,,,,,
"21 days ago - ₹5,796","20 days ago - ₹5,796","19 days ago - ₹5,796","18 days ago - ₹5,796","17 days ago - ₹5,796","16 days ago - ₹5,796","15 days ago - ₹5,796","14 days ago - ₹5,796","13 days ago - ₹5,796","12 days ago - ₹5,796","11 days ago - ₹5,796","10 days ago - ₹5,796","9 days ago - ₹5,796","8 days ago - ₹5,796","7 days ago - ₹5,796","6 days ago - ₹5,796","5 days ago - ₹5,796","4 days ago - ₹5,796","3 days ago - ₹5,796","2 days ago - ₹5,796","1 day ago - ₹5,796","Today - ₹5,796",,,,,,,,,,,,,,,,,,,,,,,,,,,,,,,,,,,,,,,
,,,,,,,,,,,,,,,,,,,,,,,,,,,,,,,,,,,,,,,,,,,,,,,,,,,,,,,,,,,,
"19 days ago - ₹5,796","18 days ago - ₹5,796","17 days ago - ₹5,796","16 days ago - ₹5,796","15 days ago - ₹5,796","14 days ago - ₹5,796","13 days ago - ₹5,796","12 days ago - ₹5,796","11 days ago - ₹5,796","10 days ago - ₹5,796","9 days ago - ₹5,796","8 days ago - ₹5,796","7 days ago - ₹5,796","6 days ago - ₹5,796","5 days ago - ₹5,796","4 days ago - ₹5,796","3 days ago - ₹5,796","2 days ago - ₹5,796","1 day ago - ₹5,796","Today - ₹5,796",,,,,,,,,,,,,,,,,,,,,,,,,,,,,,,,,,,,,,,,,
,,,,,,,,,,,,,,,,,,,,,,,,,,,,,,,,,,,,,,,,,,,,,,,,,,,,,,,,,,,,
"17 days ago - ₹5,796","16 days ago - ₹5,796","15 days ago - ₹5,796","14 days ago - ₹5,796","13 days ago - ₹5,796","12 days ago - ₹5,796","11 days ago - ₹5,796","10 days ago - ₹5,796","9 days ago - ₹5,796","8 days ago - ₹5,796","7 days ago - ₹5,796","6 days ago - ₹5,796","5 days ago - ₹5,796","4 days ago - ₹5,796","3 days ago - ₹5,796","2 days ago - ₹5,796","1 day ago - ₹5,796","Today - ₹5,796",,,,,,,,,,,,,,,,,,,,,,,,,,,,,,,,,,,,,,,,,,,
,,,,,,,,,,,,,,,,,,,,,,,,,,,,,,,,,,,,,,,,,,,,,,,,,,,,,,,,,,,,
,,,,,,,,,,,,,,,,,,,,,,,,,,,,,,,,,,,,,,,,,,,,,,,,,,,,,,,,,,,,
"14 days ago - ₹5,796","13 days ago - ₹5,796","12 days ago - ₹5,796","11 days ago - ₹5,796","10 days ago - ₹5,796","9 days ago - ₹5,796","8 days ago - ₹5,796","7 days ago - ₹5,796","6 days ago - ₹5,796","5 days ago - ₹5,796","4 days ago - ₹5,796","3 days ago - ₹5,796","2 days ago - ₹5,796","1 day ago - ₹5,796","Today - ₹5,796",,,,,,,,,,,,,,,,,,,,,,,,,,,,,,,,,,,,,,,,,,,,,,
,,,,,,,,,,,,,,,,,,,,,,,,,,,,,,,,,,,,,,,,,,,,,,,,,,,,,,,,,,,,
"12 days ago - ₹5,796","11 days ago - ₹5,796","10 days ago - ₹5,796","9 days ago - ₹5,796","8 days ago - ₹5,796","7 days ago - ₹5,796","6 days ago - ₹5,796","5 days ago - ₹5,796","4 days ago - ₹5,796","3 days ago - ₹5,796","2 days ago - ₹5,796","1 day ago - ₹5,796","Today - ₹5,796",,,,,,,,,,,,,,,,,,,,,,,,,,,,,,,,,,,,,,,,,,,,,,,,
